614,116
610,116
608,116
628,116
603,116
615,116
601,115
602,116
616,116
619,116
612,116
604,116
600,116
614,116
605,116
585,116
594,116
598,116
613,116
618,116
605,116
594,116
614,116
607,116
623,116
599,116
610,116
597,116
603,116
610,116
611,116
624,115
608,116
611,116
596,116
613,115
607,115
598,116
596,116
593,116
598,116
603,116
620,116
635,116
606,116
607,116
613,115
620,115
619,116
600,116
610,116
622,116
606,116
612,115
602,116
599,116
609,115
609,116
599,116
614,116
615,116
627,116
606,116
616,116
597,116
599,115
611,115
595,116
611,116
613,116
596,116
602,115
606,116
609,116
616,116
615,116
612,116
623,116
615,116
604,116
612,116
631,116
604,116
610,116
610,116
600,116
605,116
600,116
619,116
615,115
589,116
616,116
606,116
605,116
599,116
589,116
603,116
580,116
601,116
605,116
605,116
608,116
604,116
605,116
601,115
633,115
625,116
623,116
624,116
617,116
606,116
598,116
612,116
618,116
611,116
597,115
598,116
596,115
599,116
595,116
603,116
583,116
601,115
593,116
609,116
601,116
611,115
632,116
601,116
594,116
615,116
611,115
613,116
619,116
622,115
612,116
587,116
607,116
606,116
605,116
612,116
616,116
604,116
598,116
625,115
611,116
608,116
598,116
605,116
596,116
617,116
602,116
609,116
605,116
617,115
610,116
602,116
612,116
609,116
589,115
595,116
613,115
617,116
606,116
614,116
612,116
605,116
634,116
604,116
608,116
610,115
604,116
615,116
620,116
619,116
588,115
603,115
576,116
594,116
600,116
596,115
619,116
601,116
598,116
610,116
613,116
609,116
627,116
592,116
597,116
628,116
604,116
613,116
601,116
625,116
599,116
607,116
606,116
586,116
614,116
607,116
604,116
610,116
609,116
596,116
596,116
584,116
605,116
595,116
631,116
596,116
594,116
616,116
604,116
585,116
594,116
605,116
625,116
602,116
605,116
608,116
602,116
600,116
602,116
598,116
600,115
617,116
615,116
600,116
616,116
588,116
616,116
594,116
585,116
590,116
614,116
606,116
607,116
606,116
610,116
610,116
603,116
598,115
607,116
610,116
599,116
620,116
612,116
608,116
611,116
595,116
612,116
596,116
617,116
608,116
604,116
594,116
601,115
629,116
602,116
618,116
595,116
590,115
610,116
616,116
611,115
599,116
605,116
624,116
590,115
613,116
609,116
621,116
610,116
609,116
620,116
618,116
615,116
609,116
624,116
594,115
586,116
605,116
630,116
605,116
589,116
613,116
602,115
597,115
599,115
600,116
621,116
601,116
611,116
595,116
600,116
619,116
607,116
605,116
619,116
616,115
624,116
604,116
609,116
595,116
629,115
611,115
604,115
612,116
607,116
604,116
588,116
612,116
604,116
612,116
605,116
608,116
611,116
599,116
599,116
606,116
597,116
607,115
594,115
607,116
627,116
612,116
605,116
591,116
605,116
611,115
616,116
605,116
618,116
615,116
606,116
611,116
606,116
612,116
605,116
602,116
622,115
602,115
614,116
589,115
590,116
607,116
605,116
625,115
610,115
614,115
590,115
599,116
621,116
613,115
604,116
616,116
599,116
617,115
605,115
625,116
620,116
614,115
604,116
632,116
626,116
606,116
628,115
600,115
603,116
607,116
615,116
607,116
605,116
613,116
639,116
600,116
605,116
616,115
609,115
607,116
596,115
595,116
626,116
608,116
604,116
601,116
609,115
598,116
604,116
614,116
609,116
611,116
596,115
619,116
613,116
599,115
620,115
608,116
602,116
600,116
598,116
611,115
594,116
600,116
613,116
612,116
608,116
610,116
590,116
604,115
599,116
611,115
629,116
605,115
598,116
620,116
596,116
616,116
607,116
612,116
609,116
598,116
610,116
609,116
592,116
621,116
613,116
619,116
624,115
610,115
602,116
620,116
607,116
621,116
596,116
587,116
626,116
601,116
608,116
618,116
614,116
613,116
602,116
608,116
618,116
604,115
622,116
605,116
607,116
625,116
594,116
602,115
596,116
599,116
598,116
610,115
596,116
626,116
603,116
596,116
610,116
621,116
593,116
609,116
612,116
602,116
609,115
590,115
605,116
627,116
610,116
624,115
615,115
601,116
619,116
612,115
620,116
607,115
614,116
613,115
612,116
588,116
624,116
624,115
593,116
599,116
604,115
600,116
599,116
603,116
605,114
620,116
596,116
610,116
626,116
616,116
615,116
607,116
607,115
612,115
601,115
596,116
611,116
612,116
602,116
604,115
584,116
603,115
613,115
613,116
608,116
611,116
593,116
602,116
611,116
595,115
608,115
599,115
608,116
611,116
592,116
607,116
608,116
617,115
621,115
610,115
623,116
601,115
591,115
587,116
604,116
601,115
622,116
589,116
611,115
619,115
614,116
602,116
585,116
618,116
600,115
594,116
615,116
598,116
597,115
623,115
620,116
616,116
614,115
600,116
616,115
619,116
605,116
607,116
602,116
631,116
609,116
611,116
585,116
600,115
602,116
615,116
608,116
615,116
597,116
597,115
587,115
595,116
624,116
624,116
589,115
605,116
600,116
613,116
611,116
605,115
606,115
606,116
629,116
594,116
617,115
601,115
609,116
606,116
605,116
620,116
623,116
611,116
606,116
620,115
600,116
614,116
609,116
599,116
619,116
594,115
607,115
611,116
585,116
590,116
617,116
608,116
605,116
594,116
605,116
612,115
595,115
616,116
629,115
595,116
607,116
601,115
592,115
609,116
594,116
607,115
620,116
618,115
621,115
627,115
588,115
582,116
612,116
611,115
617,115
627,116
608,116
596,115
598,116
610,116
595,116
598,115
611,116
607,115
604,116
589,116
592,115
607,116
600,116
606,116
589,116
600,116
610,116
613,115
604,116
614,115
605,116
619,116
627,116
586,116
611,116
615,116
608,116
613,116
604,116
606,116
604,116
584,116
593,115
610,116
604,116
603,116
622,116
608,116
616,116
611,116
590,116
603,116
586,116
639,116
613,116
623,116
627,116
613,115
628,116
598,116
602,115
592,116
621,116
596,115
608,116
600,115
615,115
611,115
602,115
587,115
601,116
609,116
585,116
622,116
605,116
592,116
630,116
617,115
603,116
585,115
604,116
607,116
602,116
600,116
610,116
601,116
592,116
618,116
588,116
600,116
624,116
602,116
608,116
622,116
582,116
586,115
597,116
606,115
601,116
613,116
605,116
600,116
594,115
615,116
607,116
606,115
618,116
603,116
604,115
608,116
594,116
609,115
611,115
606,116
589,116
599,116
602,115
612,116
610,116
602,116
606,116
583,116
600,116
601,116
604,115
612,116
631,116
611,115
600,116
619,116
597,116
609,116
628,116
608,116
609,116
624,115
603,116
610,116
599,116
591,116
607,116
601,116
603,116
601,116
611,116
604,116
592,115
595,116
629,116
605,115
589,115
602,116
613,116
600,116
607,116
619,116
591,115
601,116
601,116
603,116
600,116
612,115
597,115
623,116
607,116
613,115
598,116
610,116
618,115
601,116
617,116
615,116
614,116
613,116
610,116
597,116
605,116
627,115
585,116
619,116
603,116
602,116
608,116
610,116
609,116
600,116
598,115
611,115
608,116
602,116
619,115
612,116
598,116
614,116
621,116
605,116
611,116
604,116
591,116
627,116
606,116
610,116
594,116
606,116
596,116
621,116
623,115
593,116
585,115
616,116
641,115
597,116
597,115
610,116
608,116
616,116
607,116
615,115
600,116
620,116
598,116
608,116
610,115
608,115
609,116
604,116
608,115
602,115
602,115
594,116
625,116
593,116
614,116
609,116
604,116
600,116
604,115
616,116
599,116
605,115
591,115
620,116
608,116
609,116
611,115
609,116
612,116
604,116
600,116
612,116
611,115
618,115
598,116
600,116
605,116
605,116
587,116
619,115
606,116
613,116
620,115
641,115
593,116
611,116
605,116
610,116
610,115
613,116
622,116
620,116
621,116
604,116
613,116
593,115
626,115
600,116
616,116
611,116
627,116
614,115
616,116
618,116
605,115
608,116
614,115
612,116
603,116
628,115
613,115
617,116
620,116
628,116
601,116
594,115
623,116
597,115
599,116
606,116
603,115
614,116
610,116
585,116
616,115
590,116
594,116
619,116
603,116
585,116
621,116
608,115
608,116
611,116
606,116
624,116
609,116
616,116
609,116
608,116
608,116
606,115
607,115
616,116
594,116
599,116
600,115
600,116
603,116
589,116
617,115
612,116
601,115
600,115
607,116
611,116
615,116
607,116
611,116
606,116
609,116
621,116
611,116
622,116
606,116
617,116
615,116
600,115
605,116
594,116
594,116
599,116
624,116
624,116
604,116
615,116
599,116
610,116
597,116
605,116
631,116
595,116
591,116
610,116
597,115
602,115
605,116
602,116
636,116
604,116
590,116
605,116
619,116
603,116
601,116
586,115
614,116
615,116
607,116
602,116
604,116
611,116
607,116
616,116
603,116
624,116
598,116
606,116
599,115
603,116
591,116
604,116
600,116
626,116
601,115
610,115
594,116
615,116
618,115
630,116
597,116
613,116
617,115
615,116
618,115
603,116
609,116
592,116
595,116
596,115
630,116
605,115
615,116
608,116
591,116
602,116
615,116
610,115
606,116
608,116
597,116
621,116
609,116
618,116
601,116
614,116
609,115
603,116
612,116
602,116
616,116
618,115
611,115
594,115
590,115
613,116
602,116
617,115
605,116
599,116
593,116
616,115
616,116
598,116
610,116
605,115
609,115
600,116
610,116
597,116
621,116
611,116
602,116
615,116
617,115
616,116
602,116
604,116
605,116
591,116
599,116
607,116
612,116
609,116
591,116
604,116
628,116
604,115
605,115
615,116
599,116
600,116
624,115
604,116
598,116
614,116
606,116
605,116
627,116
603,116
611,116
610,116
599,115
609,116
599,116
614,116
610,115
617,116
601,116
603,116
618,115
613,116
622,116
598,116
624,116
602,116
614,116
609,116
600,116
620,115
616,116
611,116
615,116
609,116
609,116
610,116
617,115
594,115
595,116
614,116
601,116
610,116
605,116
620,116
620,116
626,115
619,116
608,115
616,116
618,116
620,115
592,116
621,116
590,116
622,116
607,116
619,116
605,116
630,116
623,116
617,116
614,116
611,116
609,116
612,116
595,116
615,116
599,115
614,116
607,116
596,115
616,116
622,116
593,116
622,116
620,116
620,116
598,115
614,116
613,115
612,116
615,116
597,116
629,116
593,116
608,116
606,116
604,115
610,115
591,116
615,116
599,115
618,116
615,116
604,116
604,115
617,116
587,115
617,116
609,116
599,116
606,115
590,115
620,115
624,116
618,116
612,115
605,116
580,116
613,116
603,116
610,116
616,116
606,116
610,115
613,116
613,115
606,115
590,115
613,116
609,116
615,116
617,116
606,115
598,115
623,116
605,116
616,116
617,116
609,116
621,115
603,116
622,116
602,116
603,116
629,116
604,116
605,116
600,116
615,116
615,116
607,116
631,115
592,116
606,115
609,116
600,116
621,116
619,115
605,116
610,115
607,116
624,115
592,116
602,116
625,116
598,115
610,116
613,116
607,115
622,116
616,116
586,116
593,116
609,115
591,116
614,116
610,116
617,115
610,115
632,115
611,116
632,116
600,116
617,116
617,115
598,115
612,116
609,116
612,115
614,115
620,116
610,116
596,116
598,116
609,115
605,116
607,116
615,116
607,116
612,116
593,116
622,116
599,116
606,116
630,116
600,115
623,116
602,116
612,116
616,116
602,116
591,115
630,115
600,116
599,116
610,116
613,115
611,116
611,116
601,116
603,116
603,115
607,116
600,115
598,115
597,116
611,116
596,116
623,116
614,116
623,116
601,115
606,116
602,116
611,116
596,116
601,115
616,116
603,116
612,116
605,115
598,116
619,116
632,116
596,115
614,116
607,116
603,116
620,116
645,116
608,116
608,116
607,116
601,116
603,116
596,115
601,116
625,116
625,116
629,116
603,115
592,116
603,116
610,116
588,115
622,115
616,115
624,115
636,115
618,116
619,116
596,115
616,115
623,116
607,116
591,116
604,115
605,116
613,116
622,116
616,115
607,115
636,116
608,116
618,115
617,116
596,116
607,116
597,116
624,116
622,116
596,116
602,116
619,116
612,116
604,116
596,116
621,116
605,116
630,116
622,115
616,116
604,116
581,115
626,115
603,116
607,116
606,116
601,116
602,116
602,115
603,116
609,116
598,116
609,116
619,116
627,116
617,116
611,116
612,115
596,116
607,116
618,116
621,116
581,115
593,115
628,116
605,116
617,115
617,116
612,115
611,116
601,116
626,116
614,116
617,116
607,116
615,116
602,116
602,116
595,116
600,116
598,116
602,116
594,115
591,114
615,116
600,116
609,116
605,116
598,116
617,116
630,116
606,116
601,116
612,116
598,116
614,116
601,115
619,115
606,115
627,116
610,116
610,115
602,115
616,116
614,115
613,116
623,116
621,116
606,116
616,115
610,116
620,115
610,116
605,116
626,116
621,116
606,116
602,116
609,115
612,116
620,116
591,116
610,114
605,116
581,116
614,116
600,115
597,115
601,116
610,116
591,115
627,116
598,116
601,116
631,115
606,116
606,115
611,116
616,115
611,115
605,116
589,116
598,115
615,116
623,116
592,115
614,116
626,115
593,116
610,116
606,115
618,115
616,115
589,116
607,116
606,115
595,116
617,116
605,116
600,116
637,115
607,115
607,116
604,116
599,116
624,116
614,116
595,116
596,115
605,115
616,116
622,116
616,116
598,116
606,116
591,116
601,116
587,116
610,116
606,116
600,116
600,115
619,116
598,116
611,116
603,116
599,116
612,116
629,115
601,115
606,116
610,116
608,115
596,116
619,116
604,116
597,116
584,115
612,116
615,116
601,115
620,116
613,116
600,116
608,116
603,115
619,115
628,116
616,116
615,116
617,116
612,116
612,116
636,116
600,116
626,116
613,116
606,116
630,116
622,115
610,116
611,116
610,116
627,115
599,116
617,116
623,116
610,116
604,116
601,116
621,115
612,116
589,116
611,116
607,116
611,116
608,115
623,116
618,116
618,116
614,115
599,116
602,116
607,115
609,116
620,115
620,116
594,116
610,116
583,116
604,116
621,116
624,115
594,115
592,115
621,116
612,116
613,116
626,116
598,116
609,116
600,115
603,115
624,116
608,116
618,115
618,116
607,116
607,115
624,115
594,116
622,116
603,116
600,116
615,116
606,115
600,116
612,116
625,116
616,116
636,116
606,116
613,116
628,116
596,116
627,115
613,116
616,116
619,116
630,116
602,116
613,116
630,115
581,116
611,116
598,116
618,116
606,116
617,116
603,115
621,116
582,116
615,116
622,116
600,116
629,116
613,116
615,115
615,116
606,116
617,116
604,116
592,116
625,116
616,115
610,116
618,116
613,116
589,116
591,115
619,116
599,116
609,116
615,115
601,115
619,116
612,115
614,115
612,115
591,116
624,116
625,116
607,116
621,116
616,116
606,116
593,116
607,116
601,116
605,116
614,115
603,116
592,116
607,115
609,116
605,116
612,116
623,116
616,116
600,115
598,116
615,116
612,116
610,116
597,116
604,116
630,116
619,116
594,116
628,116
605,115
608,116
620,116
606,116
627,116
616,116
609,116
598,116
595,116
613,116
606,115
608,116
605,116
610,115
589,116
607,116
606,116
593,116
620,116
606,116
594,115
614,116
591,116
593,116
614,115
597,116
607,115
628,116
589,116
611,116
612,116
604,116
607,116
605,116
622,116
620,115
620,116
613,116
617,116
642,116
596,116
611,116
604,116
618,116
598,116
624,116
595,116
605,116
593,116
612,115
619,116
616,116
598,116
620,116
599,115
599,116
611,116
617,116
613,116
599,116
602,116
626,116
582,116
603,116
599,115
607,116
625,116
599,115
602,116
609,116
624,116
610,116
597,115
610,115
614,116
597,116
610,115
608,115
600,116
618,115
596,116
607,116
610,116
600,115
607,116
615,116
609,116
623,116
617,116
604,116
625,115
630,116
592,116
614,116
609,116
598,116
621,116
627,116
606,116
625,115
591,115
612,115
605,116
615,116
609,115
625,116
617,116
597,116
606,116
603,116
616,116
622,116
600,116
597,116
609,115
615,116
642,116
613,116
602,116
626,116
579,116
603,116
630,115
617,116
625,116
618,116
599,116
604,116
607,116
609,116
614,116
614,116
594,115
635,116
598,116
615,115
597,116
609,116
616,116
597,116
612,116
600,116
610,116
610,116
618,116
602,116
607,115
611,116
607,116
606,116
631,115
629,116
642,115
614,116
609,116
605,115
597,116
599,116
620,116
601,115
600,116
625,116
593,115
615,116
621,116
613,116
616,116
621,116
601,116
612,116
610,116
608,116
614,116
603,116
617,115
603,116
603,116
621,116
632,116
594,116
626,116
616,116
599,116
615,116
602,116
605,116
618,116
598,116
608,116
606,116
613,116
600,116
621,116
597,116
616,115
606,115
612,116
634,116
592,116
607,116
598,116
605,116
603,116
607,116
617,116
614,116
633,116
