624,116
609,116
592,116
612,116
604,116
618,116
603,116
610,116
644,116
595,116
595,116
607,116
595,116
611,116
625,116
604,116
628,116
617,116
608,116
628,116
607,116
603,116
601,115
628,116
628,116
624,116
595,116
606,116
603,116
609,116
591,116
607,116
603,116
610,116
606,116
628,116
616,116
617,116
611,115
595,116
612,116
612,116
619,116
612,116
591,116
610,116
603,116
615,115
611,116
602,116
625,116
612,116
615,116
618,116
606,116
624,116
629,116
606,116
613,116
606,116
603,115
606,116
611,116
596,114
607,116
612,116
609,116
608,116
615,116
613,116
626,116
607,116
608,116
599,116
613,116
620,116
602,116
613,116
613,116
611,116
598,116
619,116
608,115
637,116
612,116
620,116
617,116
602,116
606,116
613,116
608,116
603,116
603,116
607,116
602,116
611,116
620,116
585,116
608,116
603,116
615,116
610,115
599,116
587,116
608,116
613,116
614,116
607,116
615,116
609,116
598,116
602,116
606,116
605,116
610,116
614,116
616,116
611,116
611,116
615,116
617,116
620,116
610,116
623,116
630,116
599,116
606,116
610,116
604,115
604,116
629,116
615,116
638,116
604,116
595,116
608,116
598,116
613,116
617,116
619,116
609,116
597,116
607,116
623,116
604,116
618,116
606,116
602,116
598,116
630,116
611,116
623,116
592,116
600,116
620,116
611,116
608,116
592,116
592,116
591,116
587,116
597,116
596,116
622,116
600,116
604,116
617,116
610,116
614,116
608,116
593,116
610,116
605,116
608,116
613,116
597,116
597,116
607,116
592,116
599,116
592,116
597,115
598,116
615,116
585,116
621,116
617,116
613,116
617,116
623,115
592,116
619,116
601,116
602,116
612,116
600,116
612,116
611,116
600,116
612,116
602,116
606,115
616,116
615,116
612,116
618,115
608,116
600,116
630,116
611,116
610,116
612,116
604,116
627,116
640,116
613,116
615,116
601,116
602,116
620,116
614,115
610,116
613,116
620,115
620,116
620,116
589,116
621,116
597,115
609,116
622,116
598,116
610,116
612,115
609,116
611,116
616,116
598,115
617,116
616,116
599,115
609,115
618,116
607,116
611,116
604,116
610,116
601,116
625,116
609,116
618,116
623,116
611,116
611,116
603,116
613,116
627,116
611,115
611,115
610,116
613,116
613,115
623,116
608,116
621,115
606,116
614,115
604,116
601,116
613,116
641,116
601,116
619,116
610,116
615,116
626,116
599,116
618,116
613,116
595,116
606,115
593,116
595,115
612,115
624,116
607,115
607,116
589,116
591,115
609,116
618,116
604,116
607,116
598,115
603,116
624,116
618,115
607,115
596,116
604,116
593,115
625,116
594,116
606,116
600,116
612,115
609,116
623,116
610,115
609,115
616,116
616,116
633,116
616,116
621,116
608,116
596,116
627,116
606,115
621,115
617,115
615,116
599,116
611,115
612,116
603,116
644,116
626,115
599,115
601,116
621,116
625,116
598,116
612,115
606,115
601,115
623,116
607,115
615,116
616,115
619,115
608,116
613,116
614,115
611,116
619,116
634,115
617,116
627,115
622,115
628,114
620,116
615,116
616,115
634,115
597,116
617,115
624,116
602,116
620,116
612,116
591,116
606,115
618,116
620,115
622,116
601,116
609,116
605,116
603,116
636,116
606,116
600,116
620,116
619,116
621,116
626,115
612,116
615,116
601,116
605,115
636,116
606,115
611,116
609,116
614,115
601,116
626,115
621,116
624,116
622,116
608,116
604,116
626,116
609,116
621,116
603,116
595,116
611,116
612,115
597,115
618,115
608,115
610,116
608,116
599,116
614,116
627,116
602,116
610,116
606,115
599,116
604,115
601,116
596,115
633,115
638,116
620,116
615,116
628,116
605,115
618,116
594,116
614,115
610,116
608,116
611,116
603,116
596,116
630,115
618,116
599,116
598,116
607,116
595,116
624,116
617,116
612,115
616,115
603,115
611,116
622,115
589,115
622,116
607,115
605,116
620,116
588,116
615,116
622,115
613,115
615,116
619,116
616,115
603,115
622,116
613,115
613,115
606,115
601,116
611,116
613,116
614,115
611,116
602,115
615,116
619,116
621,116
610,115
607,116
619,115
609,115
602,116
618,116
605,115
583,116
610,116
622,116
626,115
612,115
631,116
616,116
614,116
613,116
609,116
610,116
601,115
615,115
617,116
625,116
610,115
638,116
600,116
601,115
597,116
610,116
610,115
622,116
606,115
607,116
602,115
602,116
622,116
610,116
618,116
592,116
603,115
610,116
607,116
620,116
599,115
630,116
610,116
619,116
614,116
621,116
612,115
612,116
612,116
620,115
626,116
620,115
635,116
616,116
625,116
598,115
617,116
605,116
625,116
610,116
605,116
622,116
609,115
616,116
613,115
621,115
665,116
597,116
625,115
611,116
632,116
607,115
637,116
613,115
618,115
630,116
612,116
624,116
625,115
613,116
628,116
621,116
621,116
630,116
626,116
624,116
628,116
616,116
623,116
612,115
622,116
639,116
632,116
620,116
637,116
618,116
641,116
638,115
640,116
631,116
648,116
628,116
638,116
614,115
621,115
638,116
651,116
634,116
623,116
611,116
621,115
626,115
624,116
630,116
627,115
624,116
619,116
638,115
625,116
619,116
601,115
622,115
617,116
598,116
615,115
622,115
619,115
604,115
613,116
602,116
615,116
601,116
615,116
607,116
624,116
621,116
620,116
623,116
636,116
627,115
609,116
619,116
621,116
621,116
626,115
631,115
609,116
618,115
633,115
628,115
609,116
628,116
609,116
615,116
635,115
618,116
611,116
622,116
619,116
624,116
634,115
599,116
610,115
599,116
617,116
626,115
622,115
595,116
590,116
607,116
617,115
618,116
597,116
606,115
608,116
604,116
621,116
617,115
612,116
634,116
614,116
612,116
604,116
607,115
608,116
626,116
598,115
609,115
596,116
601,116
612,116
597,116
589,116
602,116
604,116
607,116
601,116
608,116
603,116
607,115
607,116
621,116
602,116
600,116
605,116
604,116
601,116
602,116
587,116
586,115
612,116
615,116
623,116
610,115
588,115
605,116
614,116
601,116
608,115
625,116
594,116
622,116
604,116
608,116
618,116
593,116
597,116
606,116
603,115
611,116
620,116
578,116
596,116
606,116
598,116
607,115
631,116
622,116
639,116
629,116
620,116
608,115
617,116
616,115
618,116
629,115
636,116
604,115
632,116
623,115
643,116
622,116
605,115
616,116
611,115
631,116
602,115
617,116
628,115
597,116
624,116
624,116
620,116
624,115
611,116
619,116
607,115
621,116
616,116
620,116
611,115
631,116
615,116
635,116
607,115
629,115
623,116
634,116
625,116
636,116
634,115
633,115
613,116
645,116
627,116
637,116
627,115
623,116
618,116
636,115
635,115
636,115
646,116
614,115
630,116
621,116
619,116
620,116
631,116
616,116
626,116
605,116
637,116
610,116
594,116
616,116
617,115
606,115
613,116
609,116
614,116
616,116
616,116
612,116
642,116
605,116
601,116
611,116
619,116
621,116
617,116
602,116
611,116
596,116
627,116
616,116
612,115
603,116
602,116
613,116
615,115
610,115
607,116
631,116
612,116
608,116
601,115
621,115
622,116
637,116
615,116
629,115
615,115
621,116
613,116
606,116
608,116
632,115
602,116
598,116
615,116
622,116
617,116
615,115
639,115
608,116
596,116
627,116
626,116
619,116
637,116
603,116
611,116
625,116
641,116
625,116
616,115
627,115
607,116
626,115
629,116
619,116
607,116
632,116
626,116
606,116
624,116
621,115
606,115
619,116
633,116
604,116
625,116
612,116
632,116
624,116
611,116
623,116
620,116
613,116
614,115
618,116
612,116
625,116
618,116
603,116
602,116
601,115
627,116
605,115
624,116
613,116
606,116
615,116
596,115
616,116
618,116
644,116
605,116
611,116
630,116
626,116
639,116
616,115
620,115
611,116
650,116
611,116
617,116
613,116
632,116
613,116
622,116
610,116
642,116
611,115
638,116
638,116
607,116
604,115
623,115
622,116
609,116
625,116
594,116
632,116
615,116
605,116
623,116
610,116
614,116
634,115
608,116
638,116
610,116
609,116
609,115
618,116
614,116
642,116
617,116
606,116
613,115
614,116
619,116
626,116
612,115
630,115
638,116
623,115
619,115
605,116
635,116
616,116
630,116
626,116
632,116
616,116
619,116
630,116
620,116
633,116
611,116
623,116
631,116
627,115
611,115
626,115
642,116
630,116
627,116
636,116
623,116
643,116
606,115
629,115
626,115
628,116
615,116
630,116
610,115
624,116
625,115
609,116
625,116
615,116
628,116
615,116
618,116
610,116
619,115
605,115
614,116
618,116
592,116
635,115
609,116
611,116
612,116
620,116
627,116
596,116
622,116
618,116
597,116
620,115
611,116
614,116
603,116
604,116
601,116
600,116
624,116
603,116
604,115
616,115
619,115
605,116
633,116
606,116
607,115
616,116
607,116
617,116
627,116
597,116
627,116
611,115
614,116
638,116
621,116
603,116
620,116
611,115
621,116
625,115
617,116
600,116
618,116
608,115
618,116
620,115
600,115
613,115
625,116
603,116
615,116
602,115
610,116
605,116
627,116
635,115
620,116
619,115
598,115
616,115
617,116
631,116
636,116
626,116
610,115
627,116
627,116
644,116
616,116
625,115
617,116
617,116
629,116
604,116
625,116
613,115
619,116
620,116
612,116
615,116
601,116
610,116
622,115
598,116
610,115
630,116
623,116
613,116
623,116
615,116
621,116
599,116
645,116
618,116
634,116
618,116
612,116
632,115
625,115
624,115
624,116
627,116
628,116
597,116
620,116
625,116
623,116
631,116
626,115
615,116
610,116
610,116
619,115
611,116
626,116
607,115
624,116
629,116
604,116
597,115
629,116
607,116
596,115
620,116
623,115
630,116
626,116
606,116
613,116
623,116
614,116
636,116
633,115
626,115
634,116
609,116
626,116
649,115
608,115
640,115
634,116
613,116
628,116
618,116
618,115
615,116
614,116
617,116
627,116
620,116
622,116
612,116
620,115
627,116
621,116
627,116
635,116
623,115
621,115
625,116
620,116
629,116
629,116
607,115
601,116
601,116
597,116
625,116
609,116
618,116
603,115
603,116
605,116
610,116
619,116
610,116
597,116
620,116
592,115
619,116
624,116
598,116
636,116
619,116
602,116
645,115
611,115
602,115
606,116
598,116
612,115
627,116
597,116
612,116
629,116
612,116
609,116
624,115
611,115
624,115
613,116
618,116
606,116
611,116
609,116
606,116
611,116
620,116
605,115
595,115
622,115
604,115
626,116
622,116
600,116
608,116
608,115
630,116
614,115
614,116
615,116
621,116
603,115
595,116
618,116
616,115
603,116
618,116
620,116
627,116
608,116
611,116
611,115
618,116
613,116
606,116
603,116
581,115
600,116
624,116
603,116
623,115
614,116
638,116
636,116
607,116
620,116
616,116
614,116
613,116
621,115
620,116
629,116
608,115
642,116
619,116
611,116
612,116
628,116
619,115
612,115
621,116
604,116
622,116
629,116
613,116
627,116
634,116
616,116
629,116
614,116
636,115
619,116
627,116
629,116
608,116
614,116
627,116
633,115
628,115
614,116
616,116
613,116
617,116
636,116
607,116
636,115
617,116
628,116
622,115
613,116
613,116
623,116
616,116
610,116
612,116
606,115
627,116
625,116
623,115
633,115
610,116
624,116
617,116
601,116
602,116
599,116
598,116
618,116
632,116
608,116
628,115
640,115
616,115
601,116
620,116
612,116
606,115
602,116
622,116
605,116
592,116
603,116
611,116
611,116
615,116
616,115
624,115
629,116
629,116
604,115
607,115
611,116
612,116
617,116
607,116
608,115
613,115
605,116
622,116
615,115
613,116
613,116
600,115
611,116
612,115
601,115
602,115
607,116
610,116
604,115
621,116
614,116
616,116
594,116
592,116
612,116
593,115
602,116
611,116
613,116
605,116
590,116
601,115
635,115
623,116
605,115
615,115
600,115
612,116
599,116
606,115
590,115
599,116
587,116
603,116
618,116
602,116
598,116
627,116
618,116
609,116
605,116
625,115
618,116
596,116
639,116
612,116
599,116
601,116
608,116
621,116
607,115
603,116
599,116
615,116
613,116
622,115
616,116
601,116
613,115
606,116
615,116
615,116
588,116
609,115
606,116
623,115
594,116
610,116
622,116
604,116
604,116
614,116
602,116
625,116
607,115
618,115
619,116
595,116
603,116
616,116
585,116
586,115
617,116
606,116
604,116
612,116
612,116
624,116
603,116
594,116
601,116
603,116
590,116
617,116
615,116
613,116
620,116
631,116
611,116
601,116
617,116
