607,116
915,116
629,116
911,116
632,116
889,116
627,116
919,116
651,116
927,116
628,116
947,116
625,116
914,116
604,116
953,116
609,116
940,116
636,116
925,116
647,116
906,116
608,116
924,116
618,116
928,116
575,116
918,116
607,116
951,116
620,116
908,116
619,116
936,116
617,116
917,116
624,116
927,116
635,116
941,116
637,116
941,116
670,116
939,116
610,116
930,116
628,116
920,116
638,116
908,116
666,116
909,116
623,116
920,116
604,116
880,116
618,116
943,116
617,116
944,116
623,116
900,116
593,116
920,116
616,116
929,116
644,116
920,116
613,116
934,116
656,116
950,116
603,116
917,116
606,116
914,115
616,116
965,116
630,116
949,116
633,116
896,116
633,116
918,116
618,116
907,116
617,116
945,116
607,116
941,116
621,116
946,116
645,116
940,116
635,116
935,116
619,116
935,116
609,116
937,116
613,116
902,116
597,116
988,116
598,116
958,116
628,116
936,116
638,116
920,116
665,116
928,116
627,116
918,116
594,116
900,116
672,116
938,116
618,116
977,116
645,116
913,116
642,116
934,116
636,116
926,116
660,116
912,116
662,116
932,116
647,116
930,116
612,116
934,116
614,116
909,116
638,116
934,116
616,116
933,116
601,116
918,116
637,116
916,116
629,116
934,116
653,116
945,116
624,116
935,116
611,116
929,116
646,116
947,116
598,116
935,116
622,116
907,116
605,116
895,116
653,116
935,116
615,116
932,116
612,116
958,116
613,116
930,116
618,116
941,116
666,116
915,116
613,116
898,116
634,116
901,116
604,116
950,116
608,116
969,116
609,115
899,116
591,116
920,116
663,116
962,116
600,116
918,116
607,116
936,116
598,116
907,116
613,116
961,116
629,116
901,116
625,116
923,116
627,116
941,116
665,116
901,116
638,115
931,116
642,116
945,116
615,116
951,116
613,116
928,116
618,116
909,116
628,116
920,116
626,116
924,116
620,116
927,116
596,116
941,116
612,115
929,116
612,116
933,116
612,116
911,116
621,116
932,116
655,116
933,116
667,116
902,116
602,116
909,116
610,116
945,116
627,116
912,116
603,116
914,116
612,116
912,116
635,116
917,116
632,116
911,116
628,116
910,116
630,116
937,116
614,116
943,116
627,116
940,116
613,115
923,116
629,116
931,115
609,116
943,116
658,116
911,116
646,116
918,116
611,116
895,116
652,116
917,116
623,116
927,116
615,116
895,116
667,116
933,116
600,116
904,116
632,116
927,116
607,116
930,116
627,116
928,116
594,116
930,116
612,116
948,116
641,116
920,116
645,116
919,116
644,116
906,116
616,116
930,116
652,116
938,116
595,116
913,116
605,116
884,116
608,116
897,116
645,116
901,116
611,116
917,116
666,116
908,116
634,116
927,115
618,116
903,116
591,116
938,116
597,116
954,116
621,116
903,116
645,116
952,116
656,116
906,116
595,116
911,116
613,116
953,116
649,116
926,116
612,116
931,116
617,116
964,116
607,116
906,116
599,116
935,116
607,116
922,116
644,116
916,116
592,116
937,116
648,116
926,116
609,116
925,116
622,116
972,116
647,116
902,116
655,116
911,116
605,116
916,116
623,116
899,116
648,116
894,116
614,116
895,116
621,116
924,116
627,116
931,116
620,116
937,116
660,116
929,116
598,116
914,116
654,116
943,116
650,116
930,116
613,116
919,116
633,116
927,116
651,116
927,116
616,116
915,116
623,116
924,116
656,115
905,116
639,116
957,116
614,116
965,116
621,116
895,116
655,116
926,116
637,116
930,116
660,116
934,116
586,116
937,116
623,116
934,116
619,116
914,116
619,116
925,116
630,116
920,116
667,116
930,116
632,116
927,116
655,116
932,116
604,116
939,116
627,116
921,116
595,116
928,116
652,116
905,116
608,116
930,116
634,116
904,116
654,116
953,116
599,116
946,116
650,116
908,116
659,116
968,115
611,116
909,116
621,116
894,116
650,116
934,116
605,116
903,116
635,116
930,116
613,116
936,116
656,116
955,116
670,116
1005,116
609,116
931,116
647,116
917,116
642,116
951,116
644,116
917,116
630,116
901,116
632,116
925,116
673,116
960,116
608,116
902,116
655,116
924,116
637,116
931,116
611,116
945,116
626,116
945,116
638,116
930,116
610,116
961,116
657,116
969,116
665,116
934,115
622,116
938,116
628,116
944,116
612,116
911,116
643,116
917,116
640,116
936,116
620,116
917,116
613,116
935,116
628,116
915,116
651,116
952,116
629,116
908,116
641,116
925,116
610,116
920,116
624,116
944,116
622,116
947,116
607,116
915,116
612,116
980,116
644,116
918,116
652,116
920,116
611,116
903,116
591,116
915,116
655,116
917,116
613,116
924,116
637,116
906,116
644,116
923,116
629,116
900,116
590,116
901,116
592,116
953,116
611,116
927,116
613,116
899,116
623,116
917,116
670,116
914,116
637,116
912,116
596,116
925,116
656,116
915,116
631,116
953,116
624,116
930,116
611,116
938,116
608,116
921,116
636,116
894,116
628,116
907,116
620,116
920,116
614,116
941,116
595,116
940,116
611,116
957,116
618,116
975,116
640,116
934,116
654,116
918,116
623,116
925,116
638,116
891,116
595,116
894,116
582,116
918,116
601,115
913,116
634,116
972,116
599,116
966,116
656,116
910,116
630,116
914,116
612,116
946,116
638,116
898,116
604,116
924,116
618,116
889,116
637,116
905,116
669,116
905,116
664,116
913,116
616,116
965,115
628,116
919,116
596,116
914,116
624,116
881,116
639,116
907,116
605,116
919,116
641,116
902,116
629,116
940,116
618,116
914,116
741,116
930,116
615,116
923,116
632,116
909,116
615,116
914,116
628,116
922,116
673,116
961,116
631,116
940,116
611,116
916,116
607,116
904,116
629,116
942,116
615,116
905,116
594,116
932,116
637,116
912,116
604,116
916,116
600,116
911,116
655,116
918,116
627,116
959,116
621,116
900,116
589,116
905,116
632,116
928,116
648,116
916,116
625,116
942,115
616,116
917,116
659,116
936,116
619,116
925,116
610,116
923,116
619,116
946,115
609,116
915,116
614,116
892,116
627,116
956,116
647,116
935,116
614,116
927,116
641,116
925,116
619,116
918,116
635,116
914,116
664,116
925,116
634,116
957,116
598,116
947,116
622,116
951,116
612,116
987,116
640,115
917,116
620,116
904,116
639,116
899,116
656,116
916,116
615,116
941,116
605,116
905,116
603,116
930,116
609,116
914,116
626,116
930,116
600,116
904,116
616,116
907,116
634,116
921,116
622,116
935,116
657,116
939,116
618,115
916,116
643,116
932,116
617,116
943,116
620,116
920,116
617,116
924,116
633,116
925,116
597,116
927,116
607,116
929,116
606,116
921,116
612,116
921,116
658,116
924,116
640,116
906,116
636,116
898,116
638,116
950,115
647,116
939,116
610,116
953,116
655,116
937,116
648,115
910,116
619,116
901,116
641,116
930,116
610,116
920,116
598,115
884,116
610,116
944,116
613,116
927,116
605,116
896,116
658,116
913,116
624,116
923,116
632,116
886,116
636,116
923,116
616,116
900,116
611,116
934,116
609,116
935,116
661,116
939,116
632,116
904,116
625,116
933,116
615,116
916,116
655,116
928,116
613,116
910,116
619,116
919,116
609,116
925,116
637,116
918,116
611,115
908,116
626,116
942,116
623,116
918,116
609,116
920,116
631,116
943,116
670,116
933,116
626,116
911,116
630,116
899,116
605,116
913,116
589,116
946,116
636,116
902,116
663,116
901,116
624,116
910,116
637,115
907,116
610,115
918,115
627,116
920,116
635,116
937,116
630,116
950,116
639,116
924,116
609,116
894,116
610,116
958,116
589,116
898,116
637,116
906,116
646,116
921,116
653,116
910,116
663,116
940,116
610,115
936,116
608,116
915,116
612,116
950,116
631,116
911,116
595,116
918,116
614,116
884,116
637,116
907,116
625,116
927,116
609,116
934,116
602,116
894,116
602,116
934,116
653,115
905,116
617,116
924,116
601,116
908,116
607,116
950,116
609,116
934,116
604,116
920,116
620,115
936,116
629,115
921,116
601,116
909,115
646,116
941,115
594,115
918,115
609,116
913,116
602,116
942,116
624,116
932,116
637,116
919,116
614,116
910,116
650,116
903,116
617,116
958,116
613,115
922,116
630,116
896,116
622,116
911,116
629,116
948,116
616,116
909,116
632,116
929,116
634,116
912,115
639,116
947,116
660,116
925,115
605,116
908,115
604,116
915,116
611,116
934,116
624,116
926,116
634,116
915,116
601,116
917,116
618,116
923,115
601,116
929,116
617,116
895,116
619,115
899,116
634,116
922,116
628,116
916,116
624,116
937,116
619,116
945,116
629,116
937,116
605,116
923,116
627,116
931,115
665,116
958,116
629,116
925,116
591,116
916,116
647,116
912,116
648,116
921,116
607,116
927,116
623,116
881,116
640,116
919,116
588,116
893,116
654,115
951,116
627,116
891,116
610,116
913,116
625,116
914,116
607,116
942,116
657,116
893,116
605,116
891,116
656,116
907,116
612,116
932,116
637,116
902,116
620,116
923,116
602,116
976,115
623,116
969,116
629,116
957,115
627,115
911,116
641,116
934,116
599,115
954,116
635,116
909,116
624,116
937,116
609,116
927,116
611,116
906,116
612,116
918,116
607,116
903,116
628,116
921,116
608,116
923,116
678,116
939,115
608,115
930,116
611,116
905,115
612,116
939,116
663,116
920,115
617,116
931,116
612,116
894,116
599,116
925,116
651,116
901,116
618,116
931,116
662,116
969,116
641,116
945,115
620,116
908,116
610,116
903,115
664,116
935,116
658,116
942,116
605,116
903,116
607,116
899,116
663,116
915,116
639,116
919,116
627,116
917,116
615,116
912,116
648,115
894,116
617,116
913,116
607,116
931,116
660,116
912,116
610,116
903,116
620,116
918,116
633,116
904,116
633,116
919,115
608,116
897,116
622,116
950,116
618,116
944,116
613,116
930,116
625,116
901,116
655,116
912,116
636,116
936,116
633,116
905,116
672,116
930,115
612,116
903,116
625,116
950,116
633,116
911,116
609,116
930,116
596,116
908,116
625,116
934,116
673,116
912,116
616,116
906,116
614,116
886,116
606,115
928,116
628,115
903,116
604,116
906,116
585,116
972,115
608,115
919,116
615,116
906,116
613,116
984,116
622,116
894,116
604,116
885,116
599,116
909,116
652,116
935,116
646,116
907,116
659,116
961,116
605,116
934,116
607,116
901,116
626,116
956,116
647,116
902,116
603,116
923,116
616,116
947,116
626,116
942,116
594,116
916,115
618,116
927,116
649,116
912,116
622,116
930,116
596,116
904,116
591,116
923,116
655,115
946,116
595,116
905,116
604,116
914,115
611,115
934,116
677,115
915,116
610,116
911,116
609,116
912,116
611,116
930,116
613,116
922,115
617,116
943,116
611,116
895,116
629,116
906,116
613,116
914,116
605,116
902,116
649,116
902,116
626,116
914,116
657,116
928,116
614,116
927,116
607,116
935,116
605,116
938,116
616,116
913,116
649,116
934,116
627,116
889,116
627,116
927,116
605,116
918,116
610,116
916,116
633,116
960,116
654,116
1021,116
654,116
906,116
634,115
930,116
602,116
941,116
610,116
936,116
615,116
939,116
610,116
918,116
633,116
912,116
636,116
904,116
642,115
933,116
598,116
908,116
604,116
935,115
632,116
943,116
637,116
929,116
641,116
940,116
641,116
987,116
634,116
926,116
655,115
945,116
603,116
921,116
654,116
936,116
619,116
914,116
621,116
904,116
639,116
895,116
658,116
927,116
623,116
939,116
647,116
892,115
654,116
938,116
638,115
924,116
633,115
960,116
606,116
911,116
620,116
919,116
605,115
988,116
629,116
994,116
609,116
916,116
647,116
911,116
614,116
894,116
617,116
921,116
646,116
912,116
669,116
911,116
660,116
909,116
588,116
941,116
626,116
892,116
609,116
924,116
623,116
936,116
650,116
924,116
652,116
920,116
623,116
917,116
610,116
957,116
601,116
913,116
633,116
923,116
611,116
937,116
617,116
892,116
604,116
911,116
593,116
908,116
601,116
927,116
631,116
929,116
634,116
979,115
606,116
931,116
618,116
896,116
615,116
929,116
632,116
948,116
620,116
906,116
654,116
960,116
602,116
937,116
605,116
906,116
610,116
929,116
617,115
912,116
670,116
926,116
623,116
929,116
623,116
911,115
619,116
903,116
621,116
917,116
617,116
908,116
611,116
909,115
610,116
941,116
603,116
886,116
645,116
902,116
654,116
954,116
644,116
931,116
663,116
944,116
602,116
883,116
609,116
920,116
634,116
918,116
618,116
899,116
630,116
916,116
613,116
941,116
596,116
933,116
638,116
966,116
615,116
932,115
618,116
929,116
649,116
945,116
603,116
916,116
632,116
955,116
658,116
947,115
646,116
945,116
609,116
915,116
619,116
918,116
668,116
935,116
631,116
905,116
587,116
915,116
613,116
932,115
633,116
947,116
602,116
922,116
605,116
897,116
657,116
925,116
636,116
927,116
654,116
910,116
583,116
916,116
640,116
930,116
614,116
906,116
613,116
919,116
614,115
941,116
601,116
902,116
597,116
906,116
633,115
909,116
639,116
931,116
640,116
899,116
606,116
930,115
616,116
913,116
606,115
946,115
596,116
905,116
615,116
902,116
645,116
926,116
615,116
924,116
658,116
940,116
605,116
896,115
610,116
931,115
610,116
932,116
638,116
900,115
595,115
910,116
599,116
941,116
657,116
909,116
613,116
902,116
610,116
895,116
615,116
941,116
644,116
978,116
630,116
897,116
647,116
917,116
673,116
961,115
622,116
923,116
614,116
917,116
659,116
919,116
652,116
921,116
629,116
933,116
616,116
905,116
660,116
946,116
653,116
911,116
628,116
935,116
609,116
941,116
612,116
927,116
656,116
919,116
608,116
919,116
637,116
918,116
640,116
940,116
636,116
933,116
607,116
891,116
611,116
922,116
622,116
933,116
622,116
908,116
645,116
933,116
593,115
929,115
611,115
953,116
610,116
933,116
617,116
928,116
596,116
948,116
655,115
891,116
623,116
912,115
585,116
932,116
618,116
921,116
610,116
934,116
615,116
931,116
647,116
919,116
623,116
929,115
605,116
920,116
646,116
904,115
632,116
944,116
607,116
915,116
608,116
970,116
602,116
968,116
637,116
904,116
633,116
922,116
629,116
914,116
606,116
901,116
630,116
935,116
645,116
921,116
610,116
908,116
633,116
908,116
656,116
928,116
629,116
899,116
635,116
941,116
643,116
951,116
650,116
901,116
615,116
959,116
614,116
901,116
635,116
947,116
616,115
929,116
642,116
916,116
629,116
924,116
639,116
912,116
600,116
936,115
612,116
924,116
658,116
920,116
648,116
952,116
621,116
910,116
644,116
923,116
665,116
918,115
642,116
938,116
618,116
920,116
613,116
938,116
615,116
903,115
661,116
942,116
623,116
932,116
642,116
886,116
604,116
955,116
630,116
939,116
606,116
968,116
599,116
915,116
592,116
939,116
613,116
913,116
660,116
923,116
608,116
937,116
608,116
900,116
615,116
926,116
660,115
938,116
602,115
954,116
631,116
938,116
667,116
921,116
610,115
921,116
611,116
940,116
644,116
952,116
618,116
910,116
611,116
934,115
595,116
947,116
610,116
903,116
619,116
900,116
637,116
938,116
619,116
893,116
606,116
923,116
608,116
912,116
612,116
910,116
614,116
917,116
648,116
910,116
618,116
952,116
601,116
931,116
627,116
954,116
604,116
919,116
663,116
933,116
642,116
956,115
664,116
895,116
590,115
921,116
644,116
913,116
629,116
933,116
601,116
953,116
613,116
894,116
626,116
923,116
610,116
918,116
619,115
912,116
624,116
961,115
632,116
941,116
599,115
919,116
608,116
914,116
602,116
918,115
622,116
902,116
626,116
917,116
636,116
905,116
591,116
899,116
644,116
916,116
619,116
957,116
615,116
953,116
616,116
922,116
672,115
911,116
622,116
924,116
623,116
923,116
655,116
922,116
638,116
941,116
602,116
923,116
627,116
926,116
624,116
877,116
644,116
921,116
592,116
900,116
620,116
953,116
644,116
929,116
607,116
952,116
613,116
927,116
617,116
951,116
623,115
903,116
666,116
915,116
605,116
923,116
670,116
912,116
634,116
944,116
602,116
927,116
608,116
928,116
609,116
895,116
628,116
915,116
594,115
940,116
658,115
931,116
667,116
911,116
616,116
891,116
623,116
897,116
624,116
910,116
611,116
914,115
648,115
920,116
586,116
908,116
625,116
925,116
638,116
914,116
599,116
941,116
600,116
916,115
596,116
903,115
660,116
920,116
638,116
944,116
642,116
934,116
651,116
895,116
600,116
919,116
625,116
925,116
635,116
917,116
637,116
909,116
640,116
929,116
641,116
939,116
642,116
913,115
640,116
948,116
626,116
924,116
601,116
939,116
627,116
898,116
657,116
917,116
607,116
935,115
619,116
907,116
653,116
922,116
613,116
889,116
623,116
905,116
600,116
927,116
611,115
919,116
623,116
914,116
583,116
888,116
623,116
926,116
648,116
923,116
611,116
916,116
626,116
925,116
594,116
930,116
603,116
905,116
623,116
962,116
622,116
941,116
597,116
923,116
615,116
926,116
626,116
925,116
610,115
924,116
633,116
915,115
612,116
910,116
618,116
937,116
605,116
942,116
630,116
930,116
620,116
921,116
600,116
914,116
625,116
924,116
608,116
911,116
610,116
946,116
628,116
936,116
636,116
939,116
608,116
894,116
610,116
948,116
620,116
906,116
642,116
900,116
601,116
926,116
629,116
939,116
618,116
925,115
613,116
915,116
622,116
895,116
612,116
946,116
615,116
901,115
664,116
896,115
606,116
951,116
644,116
945,116
608,116
906,116
613,116
917,116
627,116
926,116
609,116
945,116
630,116
902,116
642,116
914,116
606,116
938,115
589,116
902,116
621,116
948,116
622,116
910,116
648,116
946,116
622,116
924,116
626,116
896,115
654,116
941,116
638,116
897,116
621,116
942,116
627,116
929,116
617,116
906,116
596,116
940,116
670,116
905,116
669,116
928,116
661,115
926,116
624,116
975,116
612,116
907,116
619,116
921,116
627,116
918,116
630,116
909,116
636,116
903,116
643,116
900,116
633,116
915,116
626,116
942,116
622,116
923,116
638,116
950,116
608,116
935,116
650,115
906,116
597,116
909,116
610,116
944,116
602,116
938,116
610,116
911,116
617,116
894,116
632,116
923,116
627,116
897,116
616,116
910,116
621,116
924,116
653,116
921,116
610,116
941,116
606,116
918,116
655,116
901,116
666,115
942,116
595,116
910,116
612,116
912,116
618,116
914,116
595,116
921,116
611,116
909,116
610,116
929,116
622,116
918,115
630,116
951,116
638,116
927,115
646,116
921,116
619,116
943,116
598,116
933,116
611,116
917,116
658,116
938,116
615,116
939,116
602,116
902,116
612,116
909,116
617,116
939,115
631,116
969,116
625,116
916,116
618,116
904,116
632,116
908,116
599,116
929,116
622,116
916,116
637,116
930,116
610,116
905,116
612,116
904,115
604,116
933,116
599,116
896,116
641,116
915,116
622,115
906,116
614,116
920,116
580,116
918,116
613,116
923,116
610,116
888,116
612,116
908,116
632,116
928,116
609,116
918,116
671,116
924,116
606,116
901,116
645,116
937,116
604,116
927,115
618,116
909,116
675,115
943,115
627,115
920,116
639,116
899,116
601,116
900,116
633,116
915,116
654,116
933,116
611,115
915,116
610,116
907,116
632,116
906,116
631,116
902,116
665,116
924,116
619,116
941,116
606,116
928,116
609,116
920,116
615,116
913,116
603,116
933,116
610,116
919,116
610,116
902,115
613,116
918,116
598,116
921,115
629,116
939,116
589,116
974,116
618,116
925,116
611,116
934,116
620,115
913,115
633,115
941,116
605,116
904,116
632,116
940,116
593,116
936,116
610,116
898,116
642,116
959,116
636,116
916,116
618,116
914,116
597,116
929,116
603,116
909,116
657,116
896,116
606,116
925,116
610,116
924,116
652,116
929,116
613,116
908,116
621,115
914,116
648,116
949,116
659,116
930,116
623,116
945,116
607,116
917,116
648,116
905,116
603,116
946,116
627,116
910,116
608,116
927,116
610,116
887,116
654,115
906,116
583,116
902,116
628,115
933,116
636,115
965,116
655,115
909,116
628,116
915,116
630,115
933,116
591,115
905,116
633,116
898,116
608,116
894,116
655,116
909,116
611,116
921,116
603,116
913,116
617,116
952,116
655,116
930,116
609,116
903,116
600,115
917,116
620,116
901,116
606,115
915,116
598,116
896,116
604,116
923,116
619,116
932,116
612,115
923,116
614,116
926,116
631,116
926,116
620,116
922,116
664,116
907,116
636,115
904,116
640,116
910,116
632,116
937,115
614,116
921,116
611,116
919,116
610,116
951,116
621,116
939,116
613,116
915,115
642,116
934,116
600,116
941,116
649,115
916,116
654,115
953,116
618,116
898,116
637,116
918,116
626,116
934,116
617,116
912,116
612,115
910,116
622,116
922,116
639,116
924,116
620,116
896,116
609,116
932,116
629,116
920,116
604,116
921,116
618,116
910,116
593,116
928,116
622,116
963,116
646,116
943,116
610,116
941,116
620,116
928,116
610,115
911,116
620,116
901,116
626,116
927,116
674,116
909,116
613,116
910,116
611,116
946,115
617,116
945,116
632,116
908,116
605,116
902,116
623,116
928,116
666,116
940,116
633,116
916,116
609,116
896,116
622,116
927,116
591,116
922,116
653,116
959,116
623,116
911,116
636,116
925,115
587,116
900,116
634,116
937,116
613,115
923,116
620,116
920,116
627,116
938,116
641,116
902,116
653,116
906,116
644,116
911,116
647,116
943,116
613,116
936,116
612,116
910,116
654,116
898,116
632,115
903,116
623,116
922,116
626,116
941,116
618,116
921,116
630,115
924,116
611,116
945,116
620,116
910,116
622,116
928,116
590,116
903,116
599,116
930,116
612,116
910,115
652,116
931,116
614,116
914,116
609,116
922,116
620,116
945,116
653,116
886,116
657,116
910,116
601,116
964,116
608,116
948,116
616,116
929,116
614,116
918,116
630,116
930,116
660,116
982,116
636,116
914,116
593,116
911,116
665,116
917,115
614,116
949,116
619,116
882,116
610,116
923,116
665,116
930,116
631,116
912,116
620,116
906,116
636,116
898,115
628,116
905,116
592,115
922,116
610,116
945,116
615,116
933,116
627,116
917,116
633,116
902,116
648,116
910,116
603,116
959,116
649,116
925,116
610,116
971,116
