572
569
566
565
570
577
563
575
563
573
569
569
558
562
572
571
572
561
568
565
570
576
566
560
569
581
562
564
566
567
571
574
579
568
577
570
575
563
566
580
570
569
564
563
570
564
562
576
561
573
583
564
559
571
568
563
575
569
563
567
576
569
561
568
566
578
575
572
570
574
573
572
583
577
566
581
564
574
575
559
576
571
558
564
561
579
568
553
563
573
568
569
579
571
571
569
567
565
568
565
560
557
574
575
577
569
570
570
574
586
569
576
570
579
571
559
578
579
548
576
563
571
570
580
568
577
569
556
567
568
582
563
547
569
572
572
576
563
567
560
566
586
558
566
582
557
573
577
585
572
572
571
573
568
549
574
566
565
571
568
556
569
575
564
561
567
552
557
567
570
570
571
558
564
576
573
582
569
568
576
560
568
566
575
573
561
565
559
572
558
559
583
566
573
564
566
566
575
576
579
568
561
562
573
576
554
575
567
572
558
556
575
572
561
570
573
571
562
569
569
573
571
581
566
570
569
568
572
571
566
575
567
580
565
565
570
573
575
572
571
564
574
569
561
581
564
550
567
575
572
561
571
557
577
589
569
564
581
565
580
553
559
577
571
565
575
576
572
571
568
557
551
570
569
565
580
573
564
577
564
580
576
562
567
572
565
579
570
579
575
567
566
585
568
569
574
574
561
570
574
561
559
573
570
561
571
546
570
575
566
574
571
584
578
567
568
587
557
558
571
571
557
577
577
560
578
568
579
562
584
554
564
566
556
581
561
569
578
561
576
575
576
565
561
560
581
577
561
567
569
578
578
577
567
563
571
576
559
554
583
570
565
568
568
561
563
568
581
573
576
558
566
560
578
561
560
574
558
559
570
565
579
578
577
572
570
570
560
562
574
565
583
560
582
566
570
564
573
561
577
566
568
563
571
564
561
560
560
572
565
578
564
562
572
569
563
563
561
584
555
571
564
578
574
574
567
566
563
563
573
571
560
583
560
571
561
576
571
564
571
572
576
577
579
566
573
584
582
572
576
584
566
569
567
560
568
563
560
574
581
570
575
569
573
567
565
572
574
560
568
576
564
575
580
575
573
566
563
576
569
572
567
567
560
554
563
567
560
565
578
570
572
580
571
575
571
570
564
564
566
578
574
560
568
575
568
571
568
559
584
570
579
566
575
567
571
566
571
583
572
553
559
562
575
571
561
571
579
571
573
569
566
578
565
576
555
571
571
577
566
574
574
563
574
557
574
566
567
571
579
560
572
567
565
567
565
554
575
562
575
587
568
554
577
575
564
571
564
573
565
563
558
563
572
573
562
584
557
582
570
583
560
557
564
575
566
563
557
572
567
569
584
566
571
569
572
564
576
558
563
575
578
574
565
569
569
558
552
574
575
569
572
566
560
569
573
556
568
567
566
578
572
574
579
569
578
555
558
571
561
572
587
575
566
573
578
576
571
566
561
572
570
564
582
566
570
574
576
581
562
567
559
564
562
566
572
585
563
572
561
580
582
554
557
564
569
568
564
561
566
579
578
554
568
571
559
565
563
565
576
573
556
569
568
572
578
566
573
583
568
566
576
580
564
562
564
565
575
571
588
585
559
559
559
559
570
563
567
570
557
570
572
553
568
577
564
573
557
559
569
567
566
559
569
563
567
572
569
561
561
554
576
565
563
566
566
578
573
582
574
573
574
573
572
569
585
565
569
562
568
562
571
572
570
583
569
571
563
566
568
575
566
563
573
575
583
569
554
559
560
588
565
576
566
567
561
568
562
567
567
559
571
561
561
574
562
580
569
574
564
574
565
575
571
578
565
561
567
562
571
563
575
563
559
566
561
564
577
567
578
571
556
559
566
562
565
585
558
564
563
563
570
560
561
562
565
575
557
567
567
575
568
576
572
568
573
587
558
565
582
576
561
581
562
567
564
585
554
568
559
573
582
579
563
583
584
577
564
559
569
564
565
572
574
565
574
572
584
571
572
575
567
558
559
571
567
576
561
573
570
583
569
564
559
564
567
570
568
563
560
577
569
573
560
573
570
559
559
562
572
563
567
558
568
569
577
564
570
559
576
564
571
574
564
569
571
562
592
576
561
559
556
560
569
578
557
565
569
579
567
564
567
574
571
569
567
563
565
568
584
570
578
550
565
573
571
569
572
575
568
562
565
571
565
560
564
563
581
563
569
563
573
568
564
565
564
561
571
566
562
579
564
564
564
570
575
564
567
563
561
573
564
575
557
563
569
568
578
566
571
567
568
562
560
565
566
573
569
563
569
564
558
567
566
559
569
567
561
578
565
580
574
589
554
569
575
576
579
575
564
585
565
567
555
573
564
556
569
572
570
573
578
570
562
578
550
562
562
569
578
560
565
575
564
567
562
578
582
568
567
566
578
553
578
573
569
578
572
566
563
572
557
566
575
584
577
576
577
567
564
581
572
582
573
590
573
580
569
589
582
593
584
596
586
591
587
584
579
592
586
591
581
595
604
607
603
589
608
592
586
610
598
606
611
625
640
660
670
690
717
748
759
795
831
870
889
922
962
1021
1053
1085
1111
1129
1167
1189
1218
1223
1228
1242
1225
1203
1172
1143
1105
1071
1045
999
959
901
872
846
803
771
743
728
689
661
650
643
640
624
617
609
608
608
598
588
589
586
580
583
569
573
579
572
582
566
584
573
577
572
575
575
581
572
579
579
556
565
574
574
582
566
578
571
575
570
572
574
567
562
562
566
576
576
566
570
573
563
576
567
574
569
565
572
570
570
564
569
578
569
568
569
580
573
562
568
571
574
565
580
575
565
575
556
575
562
578
568
570
569
582
567
568
566
572
563
572
570
571
570
568
558
566
566
560
576
570
570
577
579
577
578
576
576
589
575
580
565
567
567
572
570
582
567
576
576
581
566
574
577
581
585
580
565
582
568
582
573
580
578
566
587
567
568
578
574
570
593
566
577
587
582
578
580
566
572
570
574
575
578
568
575
588
572
589
586
583
578
588
579
576
581
583
574
582
589
587
579
574
577
576
564
580
576
577
561
574
576
598
575
581
575
574
578
571
578
575
573
578
575
576
577
571
572
576
583
572
591
579
574
578
589
581
594
576
574
585
575
571
565
573
561
572
568
591
571
569
570
568
582
564
572
579
578
584
591
585
577
569
569
560
579
577
566
579
566
580
573
569
572
581
591
574
572
575
566
581
582
584
577
567
576
574
587
576
570
575
567
572
580
588
569
578
575
570
582
575
571
563
581
578
570
578
579
584
565
575
584
574
565
579
576
578
571
580
574
576
571
587
573
580
582
567
583
570
581
583
577
577
582
573
577
579
576
580
574
583
585
578
570
587
565
574
571
572
586
576
574
588
583
591
583
577
570
570
561
578
575
580
585
569
584
581
582
581
580
580
577
577
570
563
572
573
597
580
579
574
574
576
570
573
581
579
573
581
575
572
583
576
594
567
576
572
577
564
558
564
567
568
576
576
587
574
587
584
570
570
585
570
573
576
570
572
585
583
581
583
579
564
566
572
576
574
569
567
577
569
578
565
562
580
588
568
578
575
573
581
561
573
566
572
562
577
580
566
568
563
575
577
571
571
578
574
571
573
583
571
577
577
580
585
567
580
579
567
586
587
581
572
573
572
583
581
606
574
571
573
583
587
592
583
575
581
576
587
582
597
589
592
586
590
582
585
591
597
608
591
589
588
582
585
590
572
595
594
600
584
590
587
587
608
593
593
587
586
600
595
584
598
586
597
589
594
587
606
587
592
588
576
593
597
585
611
576
587
591
591
582
596
595
588
584
584
590
607
588
580
586
604
591
611
603
603
577
595
600
594
602
593
597
588
602
618
599
595
591
598
604
603
599
608
590
593
602
598
595
593
595
605
602
588
593
602
592
601
600
602
595
594
575
582
603
611
593
593
591
589
607
604
583
585
592
605
592
605
591
590
585
584
598
603
596
592
595
590
588
593
593
593
595
608
578
581
591
599
596
583
585
582
590
599
583
600
590
599
592
605
579
592
589
582
600
594
593
596
586
591
597
597
593
614
599
610
600
593
587
610
593
604
600
591
612
593
601
594
585
599
594
617
595
607
592
602
603
583
585
590
603
587
601
609
608
595
594
601
589
609
611
592
598
589
595
613
596
602
582
603
579
606
609
610
593
586
597
596
590
597
584
593
590
580
609
586
587
586
592
583
593
594
588
582
595
597
611
591
590
587
611
580
600
584
584
603
596
601
590
593
597
604
594
593
606
603
594
593
606
607
590
599
598
588
585
587
599
596
605
586
594
597
585
589
592
586
581
597
580
597
587
603
590
589
598
592
582
584
585
583
602
607
589
599
600
595
590
618
585
601
609
607
595
591
603
601
590
585
590
614
589
602
602
589
594
579
589
608
601
591
594
585
607
607
582
598
583
601
594
620
590
600
606
595
619
597
601
622
594
621
615
616
616
618
614
620
612
624
612
623
621
638
624
631
639
641
642
641
639
628
642
642
652
651
683
718
741
770
804
858
895
977
1036
1103
1193
1287
1368
1466
1573
1652
1752
1807
1912
1952
1986
1981
1968
1943
1907
1844
1788
1704
1596
1513
1424
1370
1266
1194
1100
1038
980
911
854
851
778
752
765
721
703
673
669
671
637
650
627
631
614
622
622
628
636
621
601
610
616
603
597
612
621
609
606
602
617
590
606
596
599
614
594
596
582
624
590
600
593
615
589
593
597
575
572
606
600
602
595
598
598
593
579
585
606
589
597
578
591
589
579
614
587
597
591
603
577
604
595
590
586
602
599
594
590
598
591
601
598
589
580
605
591
593
594
610
605
585
609
583
618
587
583
596
602
595
589
606
603
605
593
606
587
589
584
605
597
601
597
596
595
593
597
587
589
577
610
596
582
594
609
580
599
594
593
591
595
595
587
608
592
601
592
585
588
589
605
614
611
582
585
590
587
582
586
602
585
585
583
591
607
570
595
605
621
581
597
599
601
595
604
594
592
589
599
580
587
577
592
601
611
607
587
590
593
616
609
594
599
598
608
592
582
599
608
623
594
605
594
592
576
599
588
576
584
602
596
590
592
619
602
593
590
604
594
605
589
587
600
597
581
581
590
589
598
603
604
615
604
611
599
590
595
608
601
601
612
594
602
596
601
611
591
586
601
598
598
615
610
609
596
601
592
633
574
595
593
607
575
605
608
594
593
594
606
589
616
602
596
605
609
620
599
594
609
618
615
610
588
601
605
604
585
601
592
597
586
604
604
599
598
604
589
616
600
602
593
601
609
599
586
592
604
588
631
612
601
618
597
597
595
601
596
595
594
606
604
630
603
597
598
629
593
619
597
612
604
597
604
607
626
589
585
615
600
607
605
601
608
589
610
609
604
605
599
599
594
609
594
595
597
603
606
584
593
596
604
624
609
612
603
623
601
603
618
591
598
614
608
591
605
617
607
601
588
598
596
600
609
592
605
605
619
605
596
599
588
591
610
608
598
609
597
615
611
591
611
599
600
596
615
588
591
608
597
589
604
591
588
605
595
591
583
595
591
595
590
599
605
581
615
608
602
592
580
603
617
618
588
586
602
601
594
616
593
590
604
588
598
604
593
591
614
591
580
597
604
601
606
622
605
613
609
598
594
616
607
604
591
607
596
588
594
594
601
609
589
608
607
616
604
592
604
603
611
596
604
593
609
587
606
615
601
615
612
590
598
598
599
596
593
613
618
588
590
594
596
620
603
614
599
583
575
611
596
594
600
617
591
602
593
621
608
595
590
595
607
604
603
597
620
601
592
598
584
590
591
596
602
612
602
597
602
621
594
606
620
583
604
590
585
600
599
588
597
591
617
601
599
620
603
590
602
605
626
595
599
593
600
585
598
599
602
614
612
601
590
582
584
609
598
600
588
593
585
600
608
602
584
589
593
591
596
584
606
588
597
604
590
589
608
593
608
597
606
601
610
579
626
580
621
594
613
600
602
603
600
610
608
616
617
604
613
622
594
615
611
608
601
588
591
605
605
594
607
595
601
612
609
588
590
603
602
622
592
604
593
593
608
606
597
588
605
612
608
587
599
592
590
610
592
603
600
611
583
607
593
611
599
606
626
603
593
596
590
619
590
594
606
594
610
609
595
591
594
603
604
609
602
604
580
599
622
584
582
616
613
617
590
598
607
596
583
585
600
593
607
596
600
605
601
588
597
599
615
596
589
591
601
625
603
602
603
592
595
593
603
598
590
620
596
597
607
587
620
606
608
613
608
610
597
602
587
595
602
592
593
599
603
605
591
593
602
610
601
590
592
596
592
615
605
583
611
596
608
596
616
594
605
590
595
593
586
607
608
609
621
586
602
599
599
610
606
592
611
603
603
595
627
595
605
607
601
601
600
603
604
618
609
613
607
600
631
591
605
598
591
611
602
608
591
617
589
590
590
610
605
625
615
588
588
605
613
603
595
599
606
598
592
591
603
618
592
588
600
626
596
600
600
610
601
606
596
595
605
599
603
596
618
619
609
592
594
597
610
593
615
601
609
599
605
582
589
612
596
592
577
599
602
601
611
589
606
594
594
601
608
590
610
623
619
597
607
597
598
605
605
611
600
587
604
592
606
614
586
608
608
613
599
596
609
612
590
595
598
604
604
602
611
598
608
592
612
604
602
594
607
626
611
608
617
619
601
607
617
600
616
624
620
620
620
619
634
630
636
640
637
650
651
652
664
667
669
683
653
686
688
716
745
761
762
820
875
931
1030
1086
1198
1320
1424
1561
1701
1812
1964
2117
2218
2310
2350
2405
2398
2385
2343
2251
2156
2039
1912
1773
1634
1465
1352
1245
1134
1056
976
898
864
809
752
747
736
707
669
671
677
663
625
650
622
628
644
635
632
622
638
606
624
624
615
616
618
617
602
626
602
619
626
614
615
602
615
602
596
611
598
591
591
597
596
600
597
603
599
624
586
605
609
599
598
616
612
593
589
588
609
606
606
593
606
588
604
613
617
594
588
589
595
616
575
603
613
602
587
599
608
597
596
609
604
605
596
584
598
606
589
589
609
602
613
596
578
596
616
596
597
607
602
600
615
598
590
602
599
595
590
578
598
612
589
594
606
599
601
590
590
606
611
600
593
617
600
593
574
612
596
609
614
606
613
614
606
603
616
587
606
605
589
589
612
586
604
592
610
608
601
600
604
607
593
605
597
598
604
597
592
601
609
602
603
601
587
601
613
595
610
592
604
598
592
603
615
604
608
604
617
613
593
602
597
615
614
595
608
588
614
598
591
630
614
609
614
615
593
606
599
599
602
624
602
610
611
595
607
599
611
608
608
590
604
612
588
588
590
606
609
605
602
592
584
601
603
596
581
594
607
599
617
612
615
597
615
597
607
606
596
613
618
613
608
613
601
591
610
599
606
607
586
626
608
606
608
607
595
607
592
602
595
586
598
600
602
619
602
592
614
591
600
607
605
611
610
605
599
601
574
588
602
610
610
599
599
612
604
608
600
596
591
593
607
598
595
593
608
598
606
593
597
615
601
606
614
617
592
600
594
601
611
599
605
592
609
603
588
587
611
610
627
602
604
595
594
592
606
599
620
607
623
605
589
595
612
588
604
606
600
624
602
602
601
592
610
595
605
606
610
619
595
600
601
582
606
584
597
597
615
604
599
596
584
594
595
607
603
590
605
610
607
625
590
583
604
619
606
599
601
601
604
616
606
594
613
592
603
583
595
603
598
596
601
611
604
582
612
594
615
613
605
605
593
599
591
606
603
603
591
586
600
596
623
585
610
599
598
581
593
606
600
607
615
605
604
619
593
609
591
596
601
631
603
603
596
610
624
591
595
609
590
621
629
605
601
597
598
591
576
596
603
613
598
585
609
605
586
587
595
597
579
594
584
591
619
617
592
591
598
611
618
606
599
597
620
587
609
605
607
575
579
605
620
617
585
588
602
572
607
609
593
592
599
600
602
596
591
607
594
597
592
610
604
598
600
624
607
587
599
604
614
609
601
591
604
608
590
599
606
590
604
592
591
588
609
597
608
628
599
584
598
612
606
618
597
596
606
596
604
612
596
605
618
605
605
614
590
603
597
611
603
590
602
614
603
614
605
607
600
608
599
590
596
597
605
587
593
609
601
589
590
609
605
596
594
595
606
589
626
596
615
603
615
613
601
596
589
578
599
597
597
593
600
604
603
588
594
605
599
595
598
592
592
609
585
606
600
601
584
614
610
594
594
586
601
606
590
624
595
608
591
607
595
610
607
610
600
597
594
606
608
590
601
599
609
604
605
602
598
586
599
600
592
596
606
595
602
620
586
613
593
606
590
599
597
588
608
605
607
622
624
595
602
585
601
592
612
615
603
609
604
596
597
601
616
613
597
595
597
594
585
604
587
600
590
603
606
610
588
588
598
599
602
605
608
602
599
590
604
600
596
614
588
601
601
587
618
602
597
596
590
595
608
604
614
606
602
604
622
596
599
597
610
608
610
611
604
590
621
587
610
610
590
585
603
588
608
588
608
606
585
593
611
603
609
610
612
607
606
598
613
605
614
622
586
611
603
590
607
601
603
588
596
602
584
603
596
603
595
607
603
609
608
614
603
597
598
596
600
618
613
603
594
611
614
607
620
600
612
595
611
615
588
612
606
585
609
607
598
613
613
607
613
604
595
604
619
616
615
619
610
622
614
611
624
621
642
614
645
621
625
649
639
629
630
646
610
645
639
646
629
644
639
670
660
691
692
722
726
766
790
825
886
914
959
1010
1055
1112
1183
1250
1305
1380
1417
1477
1562
1624
1662
1706
1738
1739
1740
1728
1718
1700
1642
1597
1529
1452
1387
1320
1253
1168
1091
1047
968
899
863
814
752
745
704
700
660
649
644
650
616
640
642
617
624
627
631
621
604
610
609
609
614
632
595
603
608
617
617
598
588
589
586
595
612
593
613
597
607
598
606
593
616
600
599
604
594
585
577
595
598
611
619
590
601
590
590
611
587
605
593
595
586
599
592
600
617
587
609
584
603
613
601
593
605
591
608
607
626
592
596
602
598
605
602
589
607
618
601
595
601
591
593
606
598
608
618
596
596
605
596
599
598
591
606
614
601
596
608
598
608
612
586
599
604
597
609
589
596
601
599
614
586
603
609
594
596
593
603
609
598
611
584
593
588
596
592
597
603
603
606
600
618
610
596
613
594
596
611
594
600
614
624
595
610
609
592
603
598
605
612
607
611
597
592
604
606
595
598
597
614
609
618
594
598
586
592
595
598
591
601
609
602
593
588
622
587
577
610
596
603
596
619
592
617
600
592
607
589
591
601
626
608
600
603
592
612
588
600
595
603
604
605
598
593
607
607
581
596
586
609
594
607
607
577
617
602
620
608
606
594
586
597
605
597
592
585
599
605
625
602
613
596
597
626
588
602
581
595
595
602
609
581
596
584
604
598
603
601
614
605
594
603
586
605
593
584
588
606
593
590
588
606
591
598
603
599
600
601
605
586
597
585
592
601
607
592
596
601
592
603
602
598
590
610
599
592
613
595
617
605
613
600
593
587
605
596
613
592
594
598
593
610
581
599
607
605
619
578
606
601
601
592
592
592
614
594
597
587
585
611
604
587
587
606
602
600
589
611
596
606
599
598
599
601
615
617
604
591
604
603
611
601
605
610
591
606
596
606
598
586
606
599
590
600
581
597
591
583
592
598
599
600
606
601
592
602
607
602
595
603
601
603
602
596
593
580
588
594
628
605
591
604
588
616
586
603
601
594
587
588
606
627
597
587
596
596
617
596
581
603
609
593
586
598
608
605
608
607
606
601
609
595
591
626
602
601
598
586
604
600
621
618
607
604
595
584
603
584
601
586
601
606
590
580
600
602
618
590
601
592
603
595
600
603
609
609
593
608
584
601
589
611
618
604
606
606
620
582
598
609
588
595
613
605
622
623
596
606
607
589
605
626
615
598
602
621
601
602
601
623
593
608
595
626
612
601
596
619
600
614
604
601
593
598
612
586
586
607
585
608
593
607
591
600
608
608
588
598
591
600
608
619
597
605
620
583
614
599
598
599
608
596
607
588
612
609
592
618
598
601
610
599
617
590
591
613
616
607
604
589
604
610
594
594
588
602
603
605
623
594
604
603
588
598
600
631
605
595
591
606
604
607
601
589
610
602
600
614
595
613
616
578
597
604
597
581
592
602
583
585
607
592
614
595
593
602
603
596
605
600
603
592
586
576
607
612
607
604
589
599
604
597
600
587
606
607
600
614
585
612
596
607
610
597
610
614
588
591
603
608
589
595
601
620
599
611
588
614
580
583
602
600
616
590
603
600
586
584
602
599
608
597
609
598
606
588
599
590
604
606
578
583
594
595
594
581
592
590
605
584
586
604
585
587
594
607
599
597
589
613
596
597
602
596
591
603
577
609
606
595
583
598
598
601
587
590
584
594
607
593
605
581
605
598
603
580
599
597
584
615
599
601
584
586
593
595
606
602
593
605
626
596
582
596
596
606
597
599
612
583
582
593
591
595
584
597
585
606
596
599
600
584
586
620
585
604
593
587
609
593
603
592
596
603
603
605
605
611
604
605
595
607
605
600
597
600
591
601
592
617
591
606
578
599
609
596
592
608
593
602
617
617
598
601
624
612
605
611
600
590
601
599
600
611
605
610
581
605
605
625
617
606
604
610
591
616
612
597
616
625
609
615
610
617
609
609
624
632
632
633
634
627
665
652
672
696
716
745
774
816
865
942
1023
1105
1249
1386
1512
1683
1849
2012
2160
2295
2393
2461
2499
2501
2494
2448
2377
2289
2161
2005
1837
1713
1579
1409
1318
1196
1111
1036
962
889
840
785
775
764
730
686
663
650
656
656
655
652
646
647
645
640
623
627
631
619
620
608
616
606
591
606
602
604
629
597
619
612
614
600
589
596
611
615
597
605
601
595
595
601
603
601
593
591
603
610
588
612
609
594
598
603
611
599
620
610
592
599
611
592
592
609
612
621
587
594
594
591
588
579
595
600
607
610
593
586
600
595
603
602
603
607
593
603
618
592
606
603
609
603
607
614
607
616
623
615
615
621
623
614
618
618
636
619
622
619
612
628
629
628
626
622
613
625
623
622
613
622
617
609
618
604
616
616
629
614
613
613
622
599
610
622
602
622
615
609
627
622
620
625
619
630
616
623
607
619
611
613
608
612
604
608
626
629
622
623
608
610
617
620
607
615
604
620
595
614
608
632
603
611
619
597
616
613
609
610
617
624
626
633
609
598
622
619
606
613
613
612
624
621
609
626
625
610
614
636
612
598
609
619
623
599
609
610
631
607
617
611
598
625
605
637
604
619
604
611
622
617
605
616
607
627
616
620
623
622
612
618
620
616
622
606
624
611
615
614
620
632
603
600
602
612
616
614
619
615
637
630
633
621
616
609
619
620
627
612
623
600
621
633
615
617
634
625
611
638
606
623
611
611
597
606
626
602
620
621
604
615
601
610
595
623
592
613
608
583
612
603
597
592
606
584
623
592
590
607
600
595
612
597
598
596
592
599
594
603
603
614
606
611
608
618
612
607
597
602
602
596
618
596
588
593
611
587
608
610
618
585
601
612
620
586
599
593
607
613
597
594
590
589
589
621
601
593
600
602
590
594
604
613
593
611
602
587
596
585
597
597
599
604
586
605
604
590
584
598
599
597
590
598
599
601
600
603
601
604
611
605
602
606
584
602
596
614
587
615
599
602
598
602
604
599
593
599
608
602
602
607
603
609
589
594
575
592
578
607
588
601
603
606
591
600
606
591
611
599
590
604
603
600
584
611
575
587
604
602
606
592
621
580
609
599
590
614
593
592
597
594
599
599
602
616
600
591
623
616
605
584
595
609
611
607
594
598
608
614
601
614
607
623
596
613
599
610
621
595
595
591
589
591
587
610
596
602
591
583
602
604
602
629
597
585
603
591
583
608
594
583
610
595
612
584
591
606
583
592
606
590
594
611
590
600
597
603
604
593
595
609
583
606
613
591
600
609
601
607
593
609
612
610
608
605
607
593
616
619
590
606
606
598
576
603
600
605
609
571
590
593
619
624
596
591
588
589
594
600
579
615
596
602
589
593
594
598
594
593
597
602
602
599
592
595
611
623
594
611
608
598
595
608
587
605
612
591
604
582
610
602
610
610
606
586
590
580
595
604
602
609
611
613
602
619
605
596
583
616
593
603
604
590
603
603
595
601
600
623
586
598
601
609
615
604
593
593
594
588
608
603
604
590
589
603
595
610
596
604
605
603
608
610
594
609
593
598
589
607
610
606
607
605
605
598
607
600
587
591
616
606
596
594
594
597
605
592
606
590
613
606
598
603
603
585
612
587
586
601
606
613
616
595
585
588
599
597
578
617
590
626
591
602
610
591
584
608
610
604
619
611
600
587
598
594
594
609
596
605
599
606
612
587
599
623
587
590
600
597
594
605
595
602
594
600
610
592
614
608
592
597
620
594
594
606
598
592
607
580
608
615
594
607
599
614
581
586
598
584
591
615
600
598
595
596
586
603
602
621
603
604
613
627
608
609
603
606
603
616
602
606
593
592
606
617
590
589
612
590
623
601
600
598
603
597
605
591
616
599
597
597
621
601
598
604
595
586
601
601
614
600
614
609
603
606
598
592
627
602
596
606
593
613
610
604
607
589
593
610
613
603
594
623
618
582
605
612
594
606
607
616
620
613
581
598
607
596
594
613
602
607
615
606
596
610
600
593
611
600
608
609
596
592
606
589
598
605
608
615
611
612
633
587
598
608
607
591
610
616
605
592
607
599
592
594
606
599
589
597
604
591
602
613
600
619
601
606
608
597
603
606
604
599
593
592
595
613
589
593
606
600
595
606
606
599
617
609
607
623
607
609
620
631
594
625
612
597
616
623
597
606
605
610
614
627
619
623
615
625
633
642
639
653
671
660
684
723
751
807
895
1014
1136
1313
1517
1708
1896
2046
2132
2074
1978
1826
1594
1367
1187
1059
882
795
742
677
642
647
643
613
636
636
619
625
620
607
612
612
609
618
616
610
597
608
598
596
589
611
588
597
616
597
593
609
605
611
599
583
593
615
601
594
610
588
600
606
613
594
598
590
606
599
606
607
599
585
610
603
585
615
610
599
604
605
602
612
603
613
607
601
613
613
617
604
621
621
615
607
630
609
616
619
609
610
599
624
617
617
619
611
616
623
636
630
627
603
614
622
622
617
613
616
623
621
619
621
617
623
627
619
622
626
626
616
621
615
625
618
601
624
620
622
603
629
621
629
623
627
633
630
632
641
636
628
641
642
625
652
648
643
644
651
645
636
637
644
650
636
653
654
625
658
640
647
650
632
641
653
635
633
638
641
632
649
638
634
644
628
627
644
645
655
641
638
647
654
649
654
652
625
640
653
646
654
630
655
639
629
642
632
642
630
641
640
637
644
630
627
650
643
638
644
644
654
638
644
648
639
646
643
641
627
639
627
643
643
645
638
646
638
630
650
643
638
643
635
632
636
629
645
633
643
634
636
640
641
643
645
644
632
635
641
642
649
632
625
644
647
634
655
646
636
629
642
637
629
634
641
648
652
622
639
631
637
644
643
621
620
639
631
634
636
622
630
621
624
619
636
624
617
627
631
628
614
622
635
615
635
618
627
621
631
623
614
636
617
625
632
615
628
608
610
621
630
624
619
616
625
636
625
621
638
621
632
629
603
624
629
630
624
618
617
622
639
617
615
620
608
637
622
621
627
634
624
637
616
638
618
630
616
620
624
627
633
637
625
629
624
620
616
634
624
633
616
619
631
626
611
626
619
620
634
639
614
625
623
625
612
629
625
632
632
631
621
624
624
634
609
629
617
628
633
617
613
622
625
631
627
631
618
609
632
615
638
617
635
623
634
626
628
631
617
615
629
614
616
616
626
628
619
638
640
627
625
635
617
626
628
621
620
623
621
633
610
630
633
615
613
635
621
613
626
620
626
618
612
625
630
626
622
619
624
627
623
631
629
612
625
620
629
615
632
613
625
623
633
624
628
613
616
611
623
613
616
615
635
621
629
624
619
623
610
628
637
603
619
616
617
622
628
619
630
617
639
627
605
622
640
627
617
622
631
618
621
626
623
620
631
620
632
617
625
612
617
617
622
622
638
637
619
626
632
631
618
627
622
625
629
621
627
628
619
625
630
623
636
616
627
642
627
614
622
628
618
621
622
622
627
632
627
613
631
612
625
613
621
633
607
620
613
618
626
630
627
637
624
621
619
621
630
610
620
617
626
613
622
617
615
631
627
623
612
634
616
628
631
619
635
602
629
618
630
621
626
620
627
612
631
619
611
628
622
613
621
627
625
643
630
628
615
623
637
626
629
627
623
623
624
622
602
619
623
629
634
624
625
629
631
625
602
629
624
621
627
615
622
611
614
616
608
626
624
630
622
630
624
619
628
619
621
617
614
623
613
628
618
614
632
616
627
625
633
627
621
624
614
618
615
620
630
615
615
631
616
621
617
622
630
619
628
628
621
615
621
632
623
628
610
624
619
632
618
625
627
628
635
627
612
637
625
630
627
622
626
618
616
614
624
621
622
615
637
619
631
631
631
611
616
618
621
620
629
615
623
625
630
622
625
618
621
625
623
614
620
617
631
626
620
634
612
619
620
621
627
628
617
615
615
632
629
616
631
624
623
627
614
626
631
625
625
630
620
628
625
626
616
608
622
629
628
623
626
616
628
624
620
612
631
617
623
619
629
635
623
625
617
626
619
630
626
612
632
624
621
635
631
627
628
619
627
631
613
618
625
628
630
613
630
631
627
620
628
623
608
616
626
614
630
625
624
626
620
629
636
619
626
637
627
628
642
623
645
641
634
635
626
632
627
646
633
644
650
643
649
671
666
675
708
724
751
808
858
942
1047
1171
1323
1444
1606
1747
1862
1873
1870
1752
1605
1412
1273
1081
941
866
790
759
705
695
669
653
652
658
655
644
642
630
626
630
636
646
628
639
640
640
637
635
624
625
633
619
637
624
631
646
625
609
624
638
612
621
619
640
624
627
636
629
626
632
627
637
614
633
641
642
643
638
641
657
638
643
652
653
643
657
652
644
647
651
661
642
644
642
632
639
646
645
639
648
646
642
634
636
638
629
644
650
646
645
631
650
649
638
653
651
639
633
645
651
638
646
644
656
638
665
653
645
637
639
626
638
653
640
638
636
632
635
644
642
646
628
631
640
631
628
635
621
634
655
616
624
627
629
642
633
645
636
643
633
635
643
627
632
642
632
627
622
619
636
606
615
638
630
635
630
630
617
623
625
630
625
637
630
625
628
631
619
622
616
635
632
628
632
632
636
627
632
640
640
636
632
641
632
628
640
636
624
643
645
629
631
614
628
632
633
633
627
635
634
636
625
638
620
649
626
653
658
649
657
654
666
666
681
658
665
652
667
648
655
661
661
653
652
659
636
657
628
648
640
640
626
647
638
631
643
648
633
625
640
634
642
637
651
633
621
652
633
642
631
639
635
634
643
646
648
636
641
640
645
653
649
641
639
636
649
631
647
637
639
643
636
627
628
641
646
637
627
640
652
642
639
628
636
634
635
644
641
635
629
645
625
632
644
623
639
626
651
641
623
644
630
628
618
633
644
638
646
646
643
636
644
640
648
638
637
635
629
647
639
643
624
639
642
627
638
618
645
638
626
630
642
634
642
630
631
627
649
623
629
632
629
633
639
632
632
625
637
625
627
629
643
643
625
641
644
631
629
627
647
643
633
633
640
627
634
633
634
639
639
635
634
642
623
645
638
635
640
628
637
636
644
633
643
641
628
629
637
636
622
637
631
641
632
627
634
637
641
640
640
643
637
640
641
636
633
645
646
620
642
638
638
631
642
638
634
616
628
643
646
634
631
629
646
644
636
640
636
634
630
621
613
633
634
645
640
631
646
637
631
643
636
633
626
633
648
633
650
630
645
649
630
640
637
646
642
617
631
640
642
627
629
637
631
645
641
628
635
635
646
652
637
636
639
642
641
639
625
643
649
631
640
638
636
632
649
628
649
631
646
630
629
642
626
621
638
645
650
635
638
635
653
642
628
639
636
627
641
630
631
642
636
625
616
607
630
630
617
642
617
629
641
627
623
647
649
624
645
643
642
635
638
642
628
642
628
633
630
632
638
637
641
640
644
626
625
636
634
624
641
653
635
626
643
643
640
633
624
639
626
634
640
642
648
627
653
650
632
632
634
639
632
641
632
637
632
623
640
626
636
635
638
644
635
640
654
646
634
641
626
648
640
639
634
646
615
636
626
623
634
636
645
638
628
636
641
643
631
634
636
635
636
641
628
649
649
648
641
637
637
630
650
641
637
646
633
642
638
641
622
645
635
638
647
634
647
632
644
629
635
643
631
636
642
630
632
640
634
630
642
634
638
640
643
634
635
626
643
648
641
634
644
640
636
638
630
630
637
637
635
647
624
636
654
638
623
630
633
638
634
641
632
638
655
639
639
650
637
646
637
638
640
627
636
645
632
645
645
641
641
637
640
644
636
631
634
636
651
631
650
639
638
635
640
626
637
648
635
625
632
640
642
643
640
636
642
647
648
642
637
639
648
645
638
647
639
630
638
631
639
628
648
648
638
647
631
643
654
648
637
621
622
634
646
641
636
623
635
637
640
651
635
648
643
643
644
642
627
644
641
637
629
637
646
642
649
625
648
633
642
634
641
649
641
641
630
642
628
638
645
636
636
636
645
644
649
627
617
630
642
625
630
637
628
636
643
634
648
642
642
642
652
647
641
646
641
647
657
677
662
653
665
650
674
674
713
737
761
811
869
905
994
1056
1157
1266
1355
1407
1474
1493
1460
1362
1276
1161
1062
949
867
794
756
712
702
672
672
659
660
668
665
657
656
662
655
653
645
645
661
648
640
650
650
647
633
643
647
623
634
639
637
640
643
640
653
633
653
648
643
650
641
641
648
651
647
646
624
648
641
659
665
637
644
650
650
651
642
653
670
646
650
642
657
629
649
651
636
633
644
641
641
639
632
625
635
637
641
642
641
627
614
634
639
641
638
640
646
637
640
630
642
629
639
625
609
629
635
615
628
619
616
631
609
602
610
622
599
627
615
617
601
615
607
602
616
625
609
615
626
600
603
607
608
622
601
605
628
623
619
607
599
609
608
617
603
633
615
620
609
613
619
616
598
622
608
606
629
617
630
626
621
638
634
633
637
635
647
640
640
637
636
632
622
627
621
615
622
631
622
624
631
618
608
614
621
620
623
614
623
627
621
614
631
616
609
618
610
618
628
626
626
619
623
634
629
616
625
632
609
609
632
620
620
614
630
613
609
606
619
623
624
626
631
608
612
618
627
628
631
615
626
618
620
622
620
626
628
615
620
629
614
624
620
619
631
622
607
624
628
619
626
609
612
603
621
629
619
615
627
622
628
604
627
626
623
615
637
624
614
622
622
618
627
609
635
618
631
630
627
638
619
610
618
619
620
613
622
617
632
630
616
612
627
613
608
618
621
630
626
630
616
620
626
633
626
630
609
618
623
624
624
630
621
630
616
614
623
621
634
615
624
632
616
632
623
621
614
625
621
614
621
621
617
612
623
622
622
612
615
611
626
624
631
614
623
632
629
623
615
619
610
619
617
627
622
615
631
622
630
619
633
642
625
605
629
632
631
630
619
616
630
619
608
614
620
618
627
610
619
612
626
617
629
620
611
614
631
618
614
621
616
629
622
628
608
616
607
625
623
616
619
625
625
616
625
632
620
641
625
615
626
625
622
616
633
623
617
624
621
628
615
611
620
629
633
629
621
635
619
619
621
623
606
619
621
610
617
603
610
632
628
618
637
638
622
631
619
623
630
617
616
626
615
624
632
622
614
614
623
624
628
617
619
623
626
626
617
624
620
642
634
613
628
609
622
630
605
624
620
624
630
604
609
628
634
626
613
634
626
631
620
612
630
611
614
615
628
636
605
614
625
614
625
621
641
630
623
632
612
611
625
619
635
626
614
617
627
609
629
625
624
622
613
632
638
627
627
607
618
636
623
633
628
617
633
616
613
626
620
632
635
622
617
628
628
614
629
610
617
617
626
611
618
633
615
622
607
628
621
628
620
622
626
633
620
627
624
627
628
623
623
618
619
618
637
617
621
618
623
627
621
621
623
619
629
625
620
631
629
614
624
610
614
620
630
615
624
614
611
616
625
623
631
631
622
618
630
634
629
623
614
619
607
614
617
634
631
615
628
615
620
622
629
623
626
620
627
622
617
621
613
615
628
615
619
615
619
623
620
623
633
627
635
638
613
625
631
632
620
624
626
626
621
625
622
622
623
620
635
621
634
623
618
604
621
624
633
618
617
629
631
627
623
625
607
621
617
631
620
617
630
631
620
634
627
630
627
635
620
618
614
628
631
614
634
627
622
616
613
634
627
612
628
625
628
619
626
637
621
615
630
622
610
630
620
609
619
616
629
627
631
636
622
621
629
614
621
638
616
623
626
628
633
611
622
634
615
615
627
619
624
627
613
626
625
628
638
612
622
624
624
632
623
612
619
621
620
640
618
625
632
625
627
632
626
625
614
640
635
636
615
619
611
624
635
639
619
641
640
655
645
640
647
638
655
655
675
713
731
760
787
845
902
934
994
1023
1054
1082
1085
1097
1064
1027
958
909
840
783
732
696
679
665
644
662
654
628
649
637
641
648
634
631
650
624
621
618
635
641
643
636
638
637
629
636
629
630
629
628
619
626
615
620
627
643
622
627
630
622
624
617
637
617
622
629
630
637
606
632
633
634
634
619
619
618
629
631
631
632
627
624
635
636
635
633
630
613
616
622
605
612
606
616
609
622
625
620
613
615
630
612
632
636
642
647
651
642
659
649
651
651
669
672
681
680
692
701
714
723
727
721
710
742
726
739
732
735
724
710
725
711
691
702
703
705
681
677
670
678
673
675
651
664
645
666
639
654
652
651
649
637
653
661
641
652
656
655
660
655
646
657
660
665
657
668
670
662
659
653
671
673
662
657
663
655
656
665
657
666
663
675
651
658
666
654
664
660
653
665
663
660
657
651
662
671
646
657
664
656
677
647
655
644
656
656
660
664
653
658
664
660
662
659
661
644
654
677
650
658
673
663
657
650
666
657
667
663
653
671
667
658
678
657
664
665
661
667
672
678
662
661
657
674
653
684
650
664
661
643
659
655
638
649
638
650
640
639
634
617
622
621
627
632
637
625
623
611
619
619
629
615
618
623
614
628
622
624
623
625
630
634
613
618
615
620
617
626
624
604
630
627
610
621
621
629
623
623
622
618
627
620
628
624
621
610
609
606
616
621
630
625
616
623
618
617
634
609
621
618
615
622
630
614
617
633
613
619
610
614
617
624
621
621
626
644
615
633
641
629
613
604
625
623
623
620
618
612
609
628
630
629
609
619
623
617
634
618
615
622
623
618
624
625
618
621
617
618
618
605
628
613
627
622
622
612
612
622
630
623
622
631
628
643
614
612
613
614
634
625
633
631
621
620
621
603
624
629
619
622
641
611
632
632
619
625
602
616
623
620
626
622
643
617
611
618
626
616
623
626
631
639
610
628
609
628
622
613
624
615
645
613
617
631
622
620
619
618
629
629
624
629
608
626
636
634
608
631
620
609
605
630
632
623
635
636
619
629
618
626
634
605
610
610
615
611
623
613
604
617
601
611
627
616
619
623
625
621
628
625
628
622
613
605
608
613
634
613
623
629
611
627
627
624
612
606
615
613
620
615
620
629
620
605
622
600
627
622
643
624
623
623
615
631
643
610
621
624
613
613
624
624
642
623
630
621
621
631
622
628
624
603
622
619
630
623
617
614
627
625
617
621
627
620
622
621
627
626
619
628
626
616
619
647
613
627
618
632
623
621
621
602
614
616
629
612
629
625
612
624
615
619
606
622
634
622
615
626
623
617
619
615
617
625
640
612
619
621
621
611
620
622
623
620
619
627
623
614
623
631
622
617
631
615
625
620
627
632
620
613
622
614
614
630
618
617
626
630
631
608
620
631
617
623
637
615
625
620
626
634
618
626
621
626
626
620
629
625
620
622
615
616
616
629
624
628
607
624
621
606
624
620
618
625
624
620
619
623
636
619
611
619
622
627
627
634
608
616
625
616
630
619
628
629
614
619
631
624
614
623
619
621
624
632
615
610
630
621
629
621
624
622
624
613
630
629
624
617
623
620
629
628
631
620
617
629
615
624
617
623
644
625
615
612
625
627
609
615
622
627
639
629
631
636
631
618
642
639
614
622
614
630
621
630
615
618
628
633
618
631
629
621
612
623
630
625
616
615
628
612
639
627
634
635
637
625
633
626
623
631
625
628
635
633
637
626
629
644
646
624
636
650
663
670
663
666
719
751
764
849
912
1047
1137
1312
1453
1591
1741
1885
1936
1960
1889
1759
1594
1417
1268
1086
965
858
778
748
701
670
672
653
660
662
653
637
633
646
640
630
635
631
629
622
626
636
636
635
615
617
625
621
633
624
627
630
621
621
613
623
628
618
641
630
616
628
637
625
630
635
633
625
632
635
644
648
649
649
644
657
655
654
651
641
642
652
649
642
657
643
641
634
648
643
645
649
638
637
641
639
634
642
627
656
637
649
630
648
657
652
656
645
642
656
657
667
674
661
676
685
695
697
713
730
737
729
752
751
757
744
752
770
765
752
761
762
763
757
741
751
772
772
772
763
763
752
760
753
779
761
764
759
742
749
764
751
761
756
761
770
757
759
754
749
740
739
753
763
740
742
748
751
755
739
760
750
764
750
751
750
754
746
752
751
758
751
760
745
746
748
753
776
766
762
767
762
750
775
752
752
743
749
759
758
752
739
750
745
752
756
751
758
751
759
756
752
766
750
747
750
753
745
740
763
763
760
752
759
765
770
770
799
794
816
822
847
853
854
840
832
808
798
770
750
722
721
701
687
681
695
688
690
674
683
669
674
681
681
691
677
681
669
677
671
687
687
684
661
659
688
685
675
680
660
690
679
673
675
689
680
679
687
678
674
689
662
681
682
675
683
687
684
675
668
684
673
696
670
686
671
685
678
661
674
681
674
674
679
676
691
673
682
668
679
673
676
680
657
677
660
695
669
671
682
666
667
680
692
673
670
673
672
669
665
683
682
670
669
656
679
679
669
679
669
662
684
691
669
677
680
685
670
683
672
678
677
683
674
669
665
673
671
669
682
682
682
680
664
675
676
671
685
664
676
691
683
673
671
663
695
678
674
675
677
670
674
673
682
670
684
696
669
690
687
665
665
675
679
670
674
683
677
686
676
670
664
673
688
667
672
680
699
671
662
673
672
661
670
672
680
663
667
681
664
681
661
676
674
668
678
686
672
669
680
669
666
662
683
684
664
672
673
677
686
681
672
660
669
684
662
676
679
680
672
674
679
672
678
671
673
681
685
664
673
675
689
680
682
671
671
682
690
667
692
672
692
662
671
668
676
675
672
682
675
665
681
680
680
682
666
673
665
681
667
669
673
669
665
691
675
677
691
667
669
664
683
667
682
664
686
678
696
673
677
679
667
675
679
664
681
669
679
676
682
686
671
690
689
655
683
688
669
683
686
666
679
689
680
674
676
668
680
684
680
661
669
690
679
680
673
672
676
688
679
673
676
669
678
676
676
683
671
663
687
667
666
668
679
686
667
678
670
667
671
675
685
666
682
675
672
685
676
673
678
668
679
671
670
673
680
682
675
663
678
691
666
692
675
666
669
686
685
674
685
672
676
676
673
688
673
675
684
681
665
673
677
664
676
669
672
685
681
672
679
660
677
671
668
668
680
676
681
676
668
681
676
689
675
663
696
664
665
666
675
684
673
664
692
672
670
689
679
656
675
674
675
679
669
662
657
671
689
682
676
679
668
678
680
691
670
668
682
660
681
673
667
676
673
679
691
656
691
685
688
676
676
671
663
683
684
670
668
669
683
671
676
662
682
677
678
689
665
683
691
681
676
663
680
698
664
672
682
680
675
677
664
690
666
673
681
670
667
686
674
681
679
665
686
664
666
674
678
674
684
690
672
674
663
678
670
664
674
691
671
671
669
681
669
660
691
680
663
679
667
674
683
670
673
671
677
693
695
663
678
665
673
674
677
659
673
674
670
685
683
672
672
703
676
686
675
692
676
688
673
691
689
678
676
665
666
685
656
673
691
664
671
674
673
669
681
672
678
674
673
681
669
694
684
677
660
673
684
688
685
679
675
688
678
693
685
668
688
689
682
683
692
693
682
700
693
706
703
723
722
751
753
820
892
1000
1152
1394
1679
1977
2189
2256
2189
2034
1775
1506
1268
1088
916
853
779
752
711
737
726
717
710
695
696
686
692
682
696
680
689
692
681
677
683
691
688
677
663
682
679
676
676
675
673
681
687
678
693
675
670
671
679
668
662
672
677
681
678
677
671
686
658
677
678
667
675
662
682
666
683
675
675
670
685
685
686
702
703
707
721
734
747
743
754
760
770
752
770
771
773
784
771
766
774
788
797
778
786
754
797
770
770
778
780
775
771
779
767
772
794
776
756
760
782
772
761
771
778
766
790
779
759
774
763
767
748
783
761
774
748
754
753
756
756
758
751
760
756
758
765
741
757
735
756
752
746
749
765
745
738
741
749
755
765
757
738
752
764
761
754
764
780
751
765
757
748
754
770
768
736
775
739
743
768
739
746
760
748
753
748
752
735
748
737
735
726
747
737
757
749
745
766
801
811
843
869
892
904
912
917
946
921
874
829
801
771
772
757
792
773
763
763
752
754
769
760
775
744
749
774
761
758
751
749
762
753
749
757
769
748
761
744
757
738
766
750
743
768
754
747
752
757
762
767
751
757
758
745
766
769
772
764
742
757
744
741
761
738
764
771
767
750
760
743
753
751
746
743
778
755
752
757
762
746
755
746
779
758
745
739
759
750
754
754
768
756
770
746
743
767
755
780
743
748
752
749
770
754
763
742
754
759
723
759
749
760
746
748
738
747
758
751
739
756
756
754
753
756
754
741
759
749
753
752
747
762
755
742
770
749
756
770
753
741
752
762
752
764
786
753
740
751
761
745
757
753
747
763
751
747
748
757
749
768
779
764
758
763
756
755
749
754
764
766
752
752
764
759
756
763
757
772
765
765
757
768
737
759
755
767
745
759
749
753
756
765
738
757
748
766
743
742
744
764
753
756
750
759
755
774
753
736
763
752
753
757
761
760
753
758
740
764
758
758
736
757
761
758
749
751
778
763
760
785
741
771
756
752
769
737
745
732
746
760
765
764
749
749
754
764
747
733
761
745
775
762
751
777
749
750
759
772
769
745
763
755
756
769
765
746
750
752
752
759
759
756
753
743
763
765
754
766
763
769
758
752
751
754
762
751
772
763
759
755
751
745
758
746
764
756
765
735
752
769
766
755
747
766
758
758
750
755
755
768
743
760
758
755
764
765
767
752
755
764
752
751
770
751
750
742
750
750
765
766
741
748
752
760
764
740
741
748
766
758
755
771
758
752
765
746
741
754
750
741
763
744
762
759
748
759
757
758
755
749
765
760
758
755
766
757
747
771
755
758
764
755
757
750
750
760
756
773
747
749
758
750
766
766
754
768
752
762
762
763
764
755
741
760
740
767
762
748
734
762
753
758
735
768
766
770
740
762
752
760
743
752
745
754
760
756
761
768
744
773
757
752
755
746
764
756
749
756
761
767
767
743
753
759
761
753
740
754
759
755
746
749
764
760
753
758
752
753
760
760
760
749
751
737
767
766
741
747
741
756
749
756
756
757
772
768
764
761
758
753
747
755
753
751
748
758
756
743
770
762
765
772
751
767
758
748
758
753
751
765
765
746
757
758
754
767
752
771
753
751
769
768
764
764
766
761
737
766
742
759
758
737
751
757
757
752
735
761
769
745
755
759
759
767
756
752
754
742
756
748
775
758
761
757
750
759
769
756
760
759
757
766
760
754
762
774
768
752
746
759
750
741
750
756
743
755
753
773
766
751
761
738
762
764
748
732
775
759
759
764
756
756
742
753
758
756
761
770
759
765
752
745
745
754
764
761
761
745
764
771
752
750
769
748
767
751
754
759
760
755
741
751
743
766
759
749
764
771
745
743
749
751
756
761
760
774
763
755
763
750
771
763
767
767
774
767
739
746
771
775
776
768
754
775
796
799
822
852
891
910
1010
1079
1195
1311
1413
1502
1613
1741
1869
1963
1998
1980
1903
1787
1677
1535
1380
1237
1065
969
929
883
876
854
842
811
796
798
795
789
800
771
770
766
768
777
775
764
775
776
765
757
759
759
770
750
769
756
763
752
758
745
773
736
762
766
769
755
765
761
763
763
764
749
775
763
758
758
758
777
791
761
801
774
781
799
777
780
777
795
792
800
783
793
785
767
760
783
765
754
768
764
757
760
763
771
746
752
754
752
749
747
758
747
749
753
733
747
740
740
725
743
724
730
716
723
716
717
711
690
707
707
686
682
693
671
677
659
662
667
684
667
645
659
664
649
659
659
642
654
633
649
645
643
625
636
634
638
636
640
640
623
632
643
619
632
638
634
634
629
632
646
625
634
626
640
630
618
629
631
639
636
619
622
619
632
627
638
605
624
630
620
634
630
627
630
618
640
623
622
633
628
628
625
632
637
629
635
631
636
626
640
630
614
623
621
630
631
629
616
627
609
612
627
643
639
635
647
643
654
647
679
672
682
700
716
722
733
740
742
761
746
722
709
714
693
670
668
665
671
652
642
648
653
648
659
650
646
649
648
647
657
647
651
645
629
638
643
656
649
659
650
655
639
647
644
650
658
642
646
640
651
655
663
658
652
654
657
650
643
656
638
663
645
658
655
642
639
649
657
637
658
648
645
643
637
650
651
658
642
638
655
647
645
651
649
652
636
651
657
642
644
645
662
643
657
653
642
657
662
655
645
652
663
644
649
666
648
646
657
648
639
651
654
652
635
621
642
654
643
642
645
651
654
657
646
633
663
649
653
645
654
639
651
657
655
643
643
634
644
653
644
654
634
644
637
638
642
648
655
652
648
647
638
639
654
655
658
649
650
648
663
636
656
635
644
662
647
654
648
643
657
653
645
641
664
650
661
642
661
635
648
647
657
653
648
636
645
647
658
668
661
656
652
638
635
646
644
656
646
653
662
646
645
654
637
649
641
650
652
641
645
652
653
647
646
636
652
646
646
646
651
666
656
649
652
639
644
630
635
648
635
643
652
659
645
634
642
653
645
653
639
650
643
637
653
647
644
647
635
643
634
637
651
657
634
647
652
653
654
637
638
657
649
642
645
637
654
649
643
652
647
638
641
658
658
661
649
652
656
661
628
650
653
644
636
641
640
650
651
644
660
655
626
645
646
654
658
646
651
641
655
658
634
650
650
630
651
631
650
638
634
643
649
637
653
648
639
652
643
628
638
652
658
657
638
648
648
632
632
649
657
642
646
659
632
650
657
650
640
648
647
646
648
642
648
655
656
651
639
640
644
659
647
646
638
653
641
634
660
653
657
670
648
649
642
641
651
646
646
659
640
655
652
651
658
647
653
634
644
643
651
631
638
639
654
643
655
653
649
649
642
637
643
643
669
657
647
652
638
645
636
648
663
656
649
642
638
653
650
648
643
650
652
653
644
653
652
654
637
648
646
648
656
624
660
651
652
658
660
662
637
620
652
645
636
638
648
654
648
643
649
648
647
640
647
650
632
647
643
639
658
635
649
644
646
656
654
632
652
662
646
654
661
664
650
653
650
643
640
627
644
625
648
634
647
649
649
643
640
637
659
640
660
641
648
653
651
662
653
645
649
646
656
657
635
648
657
649
645
656
662
651
637
626
652
651
636
628
659
660
653
653
646
630
655
646
676
639
643
637
645
652
628
657
655
650
636
655
648
660
650
647
662
656
656
630
636
628
661
665
654
645
637
659
642
644
636
629
650
648
644
654
639
653
639
640
656
634
646
649
651
642
644
659
634
635
662
632
660
653
642
638
637
656
666
630
636
650
628
628
657
653
639
654
666
639
644
648
649
632
643
624
643
643
658
651
658
653
624
644
663
633
658
645
658
652
645
656
653
649
648
643
648
668
640
657
661
635
634
655
649
657
646
642
660
629
656
648
634
635
655
649
647
649
645
647
643
653
636
642
640
662
653
659
634
642
652
655
657
651
643
648
664
640
657
637
635
639
655
656
643
642
658
665
667
648
655
654
650
647
634
643
639
657
656
654
660
647
658
635
649
658
654
628
648
675
660
652
647
651
651
649
649
657
665
660
657
644
656
646
643
663
639
669
646
652
653
646
659
650
639
642
638
648
664
631
659
641
648
645
634
646
647
668
643
648
667
652
651
649
663
649
659
650
659
659
648
676
642
657
652
650
643
656
626
645
675
663
644
636
665
666
664
652
632
652
652
654
645
643
664
652
667
660
668
643
656
646
656
633
646
654
656
624
645
656
653
652
648
655
641
645
664
643
650
654
657
663
651
655
671
651
646
639
659
652
647
657
650
642
657
657
643
650
639
660
641
649
662
645
636
637
626
630
665
649
639
647
635
663
647
651
658
646
649
666
656
655
656
628
647
646
635
661
642
641
650
641
654
649
640
655
657
652
640
651
654
635
646
638
657
652
657
646
654
646
650
664
663
629
657
662
670
652
666
657
645
663
658
647
641
666
652
650
650
656
663
641
636
647
646
651
658
646
658
653
649
650
651
649
637
632
637
642
645
664
725
771
824
878
921
1005
1056
1092
1152
1213
1256
1218
1200
1121
1072
1033
973
902
871
820
780
787
755
708
698
698
667
663
659
645
649
668
652
658
661
657
660
647
629
647
634
642
640
648
649
644
639
664
662
657
649
658
662
639
648
657
658
665
653
638
657
645
657
644
641
640
637
653
674
650
653
662
655
652
634
651
651
658
656
642
661
657
666
672
651
647
642
663
654
650
660
648
652
665
669
657
650
652
655
674
654
665
657
654
651
640
665
648
669
658
640
682
678
697
708
701
705
738
735
726
771
767
757
763
784
772
788
781
775
778
763
792
778
793
771
735
746
702
681
670
657
676
642
647
626
620
628
609
623
609
610
619
598
625
600
598
612
606
611
611
615
613
603
615
620
616
619
607
614
610
624
606
597
607
626
608
619
589
609
610
613
607
616
603
621
600
618
597
604
585
604
594
607
600
606
602
595
597
602
604
628
595
597
621
612
607
622
620
609
603
602
611
611
607
607
600
610
619
591
590
609
630
619
607
587
604
620
616
612
598
609
615
615
613
599
597
595
616
625
623
610
604
601
611
629
613
613
604
610
602
639
614
615
607
609
596
584
604
589
613
598
616
613
608
634
622
621
612
611
600
613
605
616
603
598
608
600
588
612
605
592
580
605
598
604
588
599
592
597
612
601
587
596
600
596
604
608
597
601
600
598
594
598
601
600
587
594
603
595
591
610
612
602
598
591
602
598
605
589
594
598
589
604
600
598
612
598
600
602
609
606
606
607
605
592
598
600
600
591
589
583
602
593
605
603
596
588
605
606
605
600
599
607
596
610
607
613
600
590
594
601
594
609
589
591
597
587
623
593
608
599
595
610
614
602
602
600
607
585
584
603
625
591
595
608
592
602
598
601
605
599
603
602
602
594
599
591
590
619
589
595
607
600
597
593
606
622
604
593
588
610
601
599
589
599
594
600
598
604
583
604
597
599
605
603
587
600
602
604
597
599
594
598
608
610
591
612
591
588
607
621
591
610
603
583
603
602
596
601
610
601
599
602
620
589
604
620
607
582
604
583
590
625
589
605
603
598
620
602
605
587
595
603
588
586
596
580
584
603
619
602
581
593
593
620
589
604
613
602
594
610
593
602
597
588
601
595
585
605
599
593
600
597
591
595
592
600
607
589
600
610
599
605
592
601
595
605
599
610
588
605
610
603
584
605
591
597
608
608
595
599
590
598
598
607
603
593
598
597
586
583
607
591
609
587
594
610
603
619
596
594
620
585
598
608
592
611
597
595
604
600
592
597
601
583
591
592
606
597
602
599
586
612
600
594
586
599
603
584
594
594
592
592
596
607
594
590
587
605
592
605
588
605
605
605
582
595
604
618
601
588
602
611
585
625
599
613
604
598
605
616
587
611
589
613
606
597
592
618
591
603
592
588
579
587
607
578
590
597
602
608
609
579
603
604
596
598
601
588
606
583
582
582
587
604
599
591
591
600
604
603
607
607
595
592
581
596
597
612
601
593
598
601
599
601
595
599
587
608
589
578
613
598
615
590
603
590
604
585
607
593
588
603
584
586
617
611
587
592
601
580
609
596
576
617
599
581
601
601
592
597
600
602
592
599
603
593
597
580
593
604
610
594
603
594
595
597
597
592
581
601
587
584
617
605
582
589
583
596
606
599
621
591
602
601
584
575
589
590
605
602
595
614
598
590
601
597
598
601
592
592
592
602
587
591
596
588
593
598
598
610
598
600
596
585
602
595
611
597
588
597
597
603
579
584
604
587
599
584
610
587
584
596
616
622
602
603
600
600
603
603
596
592
592
596
602
600
584
616
607
592
588
609
592
586
587
597
593
610
594
594
599
591
594
612
593
615
616
609
601
595
599
588
601
594
604
592
604
589
602
601
597
595
590
593
609
612
584
612
596
601
604
599
596
602
579
594
594
611
612
590
610
582
598
596
601
601
592
602
592
596
604
608
601
592
600
610
591
597
604
596
601
584
586
604
602
600
599
601
602
595
590
600
614
615
610
621
613
601
600
609
607
611
611
602
598
611
629
619
616
622
607
623
623
619
620
640
651
681
694
724
761
824
860
926
986
1038
1090
1146
1212
1257
1287
1303
1320
1302
1280
1264
1246
1192
1133
1078
1064
1012
971
914
893
863
835
802
777
783
755
722
697
687
650
653
648
658
647
642
629
630
635
622
618
621
621
628
622
612
607
597
615
611
618
608
612
608
608
601
603
611
599
595
601
607
591
595
622
611
591
597
602
597
586
606
591
611
608
604
602
607
594
600
590
584
605
601
603
597
597
612
604
593
620
613
611
616
608
632
624
623
646
641
647
642
657
649
643
663
636
665
661
666
662
672
665
669
651
663
671
678
665
668
679
659
661
672
672
678
652
671
664
660
672
667
659
681
681
687
669
668
682
672
659
661
665
677
670
666
688
661
672
668
660
673
670
668
670
668
677
659
671
676
682
665
670
680
678
663
659
667
675
672
684
675
665
703
660
675
670
673
672
672
680
667
661
672
670
682
671
667
684
675
672
688
662
682
677
669
663
666
677
656
645
662
650
670
649
646
650
662
661
666
653
646
643
640
644
625
661
651
658
655
653
660
647
646
641
658
657
648
649
655
637
654
653
647
671
639
652
651
645
649
648
651
643
661
640
654
653
633
649
649
655
651
645
646
658
641
655
657
632
649
641
654
653
664
630
657
645
656
645
645
647
658
637
646
647
655
648
646
654
646
641
656
651
668
643
650
655
654
641
645
637
652
654
635
658
648
641
650
641
654
645
637
659
654
649
645
648
647
642
656
633
642
650
646
650
649
656
657
655
659
656
653
635
643
637
669
660
630
656
638
652
638
652
645
645
638
644
659
644
655
647
653
643
650
656
654
635
638
654
660
645
641
653
647
640
663
668
644
638
647
639
641
655
666
651
658
617
649
651
655
670
650
634
652
646
646
660
646
642
649
664
645
642
661
648
639
652
650
654
650
650
641
643
643
646
639
631
640
642
649
645
642
637
649
658
655
637
625
641
646
640
632
641
639
671
641
637
639
653
643
655
654
652
639
644
654
658
652
639
637
658
652
636
663
631
633
649
645
646
627
642
626
647
635
621
656
640
649
642
650
646
653
651
655
655
640
652
636
661
649
634
636
636
639
641
646
641
643
640
648
660
644
647
641
651
656
627
643
646
655
656
651
649
656
623
641
638
614
653
641
655
647
657
625
649
642
650
642
636
646
649
636
656
640
654
654
664
649
661
657
646
637
658
646
645
648
648
658
645
651
659
654
649
641
651
639
637
649
662
659
645
632
642
646
655
659
640
649
643
654
630
666
650
654
630
656
641
646
636
637
641
640
647
639
645
651
646
644
643
641
653
645
654
647
636
641
663
653
642
628
642
639
627
646
630
647
656
653
642
634
635
645
640
622
643
656
641
639
650
637
641
636
642
640
656
648
643
648
636
653
637
644
661
631
632
642
642
625
643
646
639
649
660
657
653
640
656
649
634
640
658
646
618
653
637
655
662
662
656
635
641
646
631
651
654
619
636
627
666
636
652
650
634
641
645
649
641
639
649
624
643
646
640
656
653
648
654
642
649
635
638
648
656
651
644
657
651
636
642
652
655
666
637
661
656
655
644
642
636
657
657
631
644
654
640
657
659
629
641
642
630
638
640
628
658
673
635
654
656
649
655
646
648
642
642
657
641
662
653
636
643
635
644
648
647
654
638
639
650
638
650
649
656
646
653
656
646
644
653
654
648
638
654
664
655
639
654
655
651
667
647
653
658
659
641
632
657
651
623
641
640
636
651
663
633
651
662
660
662
638
649
657
652
640
630
660
661
644
640
650
653
646
644
641
654
644
634
652
645
634
646
639
662
639
645
647
656
642
657
634
645
651
654
637
636
648
647
636
643
656
639
657
659
658
660
653
660
653
641
652
658
661
659
659
649
663
656
649
648
641
659
647
640
659
641
660
646
677
658
674
654
669
667
694
693
716
728
765
785
803
852
890
919
954
1019
1054
1085
1112
1145
1169
1183
1142
1120
1099
1092
1063
1045
1025
994
962
927
896
894
869
844
823
810
792
801
795
783
770
756
713
695
698
691
694
675
660
663
662
648
662
651
651
628
645
647
644
659
663
648
657
644
643
656
628
651
650
648
657
659
658
650
663
654
666
648
660
656
658
660
663
664
666
657
650
654
655
672
668
677
674
679
669
684
690
693
681
667
677
696
682
692
696
693
701
696
713
707
709
719
727
737
724
732
737
750
740
739
751
745
751
739
768
749
758
753
744
744
753
738
750
749
748
753
752
749
746
730
745
749
735
718
736
742
746
751
746
745
759
750
741
736
726
737
733
740
736
749
723
753
729
741
727
741
750
728
737
748
728
744
759
744
734
744
749
751
765
752
755
749
757
742
748
736
736
730
724
723
710
720
721
703
712
716
685
681
681
671
671
664
671
678
655
647
667
654
661
649
676
662
647
666
675
656
677
660
651
657
666
678
658
658
663
679
666
666
665
650
656
665
664
655
669
669
661
655
660
670
654
648
659
651
677
670
666
672
668
663
656
659
667
646
648
655
664
659
659
653
649
666
657
660
669
654
667
669
651
672
655
677
662
661
648
668
659
657
672
653
659
657
670
671
669
669
666
655
657
662
648
659
665
651
677
674
656
647
662
658
661
664
655
664
636
648
673
658
636
659
677
665
642
655
663
668
659
675
649
657
675
662
673
668
661
658
668
648
659
663
655
651
673
658
657
659
660
668
657
658
663
658
663
644
665
660
644
648
663
657
644
668
654
653
670
670
675
653
654
647
669
663
658
668
664
655
666
652
655
675
663
668
662
668
647
648
657
647
653
664
665
652
651
661
656
652
677
645
656
656
661
662
666
656
641
666
655
672
661
665
668
643
652
650
668
647
656
661
669
671
661
663
645
660
650
667
660
661
664
663
670
668
657
673
655
663
661
669
669
650
663
663
656
647
666
657
649
663
651
658
659
654
654
656
660
659
650
666
650
661
650
655
671
651
655
654
673
659
662
668
651
664
653
670
649
672
670
660
654
662
669
665
664
661
652
656
670
664
659
658
658
650
664
669
663
667
679
651
674
660
661
653
663
657
648
661
680
648
659
659
677
661
650
665
643
668
646
660
655
658
660
654
668
647
653
663
654
679
649
656
670
680
668
660
673
657
657
659
651
657
660
674
663
657
664
676
651
659
663
673
667
676
667
653
669
649
655
647
661
656
674
671
672
666
670
668
650
656
663
662
661
660
661
660
652
667
666
651
665
653
655
658
659
656
656
666
670
673
660
661
661
671
645
674
660
658
666
658
674
655
669
667
661
670
670
668
670
665
647
646
657
666
659
658
656
646
656
642
658
662
668
650
652
640
666
667
653
676
642
655
660
650
660
650
664
675
659
651
678
671
662
652
659
657
656
660
653
661
651
661
652
670
666
656
650
657
656
657
656
660
661
672
654
656
669
665
662
678
650
662
651
644
651
665
678
660
653
668
647
650
675
669
656
657
659
658
645
662
651
655
670
655
656
672
663
657
674
647
662
648
663
655
676
656
651
650
655
656
666
673
663
669
666
668
666
656
652
645
652
675
661
675
651
661
643
668
663
674
659
661
658
662
677
673
663
658
658
659
673
659
659
673
650
653
665
648
668
650
661
660
664
653
650
654
657
658
662
656
660
659
663
660
654
647
688
656
645
671
653
665
664
642
658
655
648
674
683
707
750
779
834
867
920
975
1007
1032
1085
1119
1178
1188
1166
1145
1115
1084
1056
985
907
880
866
838
813
777
765
752
733
710
702
691
689
686
678
681
667
665
676
671
670
648
655
669
674
680
651
661
660
674
667
675
657
668
671
679
685
685
702
714
711
717
716
721
735
740
729
750
749
741
734
746
749
748
737
741
738
754
745
729
746
749
747
747
731
723
721
719
724
727
718
718
706
695
709
708
711
705
695
700
687
691
695
686
673
677
675
674
673
665
687
687
668
676
685
662
664
672
677
679
679
691
674
672
681
685
687
693
686
677
684
697
704
687
696
690
705
697
709
694
697
692
679
678
670
660
681
664
646
643
641
635
643
644
622
630
646
630
641
636
630
631
642
643
646
631
644
641
634
625
646
616
631
620
619
640
661
634
637
626
639
638
628
625
632
632
642
631
644
619
638
626
651
637
638
643
647
647
644
621
646
626
628
622
641
620
629
626
639
643
638
644
619
650
638
626
631
643
617
648
644
648
630
628
644
627
646
636
642
634
636
631
636
642
632
640
629
646
629
631
638
643
638
637
637
643
633
646
639
638
624
644
635
630
638
635
631
623
615
645
624
655
647
640
621
650
636
635
652
638
640
646
646
629
648
647
633
647
648
633
641
635
641
654
630
645
646
635
633
639
623
638
632
631
633
621
641
653
632
635
632
643
640
650
650
644
640
641
647
629
631
645
624
630
619
631
647
638
647
650
635
637
633
622
633
617
638
628
643
647
641
647
642
642
634
630
619
629
659
639
644
642
641
618
637
631
646
624
647
632
648
641
625
638
639
642
651
617
638
634
653
644
641
641
644
639
627
645
642
658
634
637
639
647
632
649
630
639
638
644
649
642
632
617
637
639
643
637
636
647
646
643
651
625
641
649
636
648
619
638
637
645
651
646
649
639
626
639
641
644
636
646
633
635
646
634
647
648
632
621
637
635
644
646
637
628
644
629
645
647
629
631
649
622
630
649
633
639
642
642
633
645
634
650
637
638
631
624
625
643
647
647
634
617
628
643
645
644
646
651
641
640
646
656
647
642
631
643
634
649
652
651
638
650
650
633
619
633
645
647
641
649
645
643
646
640
643
633
644
648
642
645
647
631
635
626
648
629
640
645
645
631
641
634
643
645
647
642
640
643
654
641
639
634
653
640
642
641
637
651
621
640
639
630
644
634
645
617
638
640
635
646
646
655
629
635
652
639
649
627
646
644
639
640
636
643
636
630
641
651
629
642
643
626
640
658
631
638
650
655
648
647
644
643
651
645
641
648
638
649
640
621
637
641
625
650
646
642
647
653
635
648
645
633
633
646
634
636
622
650
633
640
640
643
637
649
643
643
647
635
625
641
639
638
637
644
640
628
632
627
627
640
637
643
640
640
635
634
656
637
646
634
651
647
643
627
638
631
632
654
645
645
633
634
638
650
632
648
646
641
658
645
647
648
626
645
646
640
633
629
635
645
643
633
659
640
638
650
646
648
639
653
649
642
643
642
627
646
628
656
649
638
649
637
629
649
648
639
648
647
648
652
634
650
644
633
650
646
653
650
633
635
643
656
642
637
647
638
657
650
649
648
632
639
646
629
625
640
643
656
643
627
652
644
644
642
639
645
641
646
642
630
646
634
653
652
619
633
640
642
642
639
646
625
639
658
635
641
649
648
645
643
642
648
650
635
647
641
645
649
634
649
646
649
660
647
643
655
668
662
656
664
663
688
700
739
746
817
883
948
1043
1146
1268
1383
1481
1576
1648
1666
1664
1636
1582
1526
1433
1346
1262
1138
1047
955
868
769
723
656
623
623
598
587
584
579
573
570
592
586
592
586
596
566
597
594
587
594
599
603
590
590
598
580
608
598
595
559
578
600
582
597
597
573
585
588
588
573
598
601
613
602
616
613
632
613
618
608
624
637
641
637
605
648
686
661
675
687
699
707
704
651
661
735
748
736
721
732
704
744
740
767
754
780
760
767
771
763
757
759
738
669
693
675
663
633
630
614
635
595
635
608
596
611
595
609
591
579
601
572
582
581
579
576
584
590
579
586
575
575
578
586
581
581
581
595
628
570
579
570
592
576
592
600
599
581
581
572
597
584
589
587
572
587
580
592
627
560
600
576
582
596
616
568
590
596
622
568
615
571
620
593
600
593
555
600
617
558
574
588
552
588
642
592
598
577
606
622
573
583
580
579
602
585
587
599
574
591
604
594
610
568
575
567
573
579
575
589
582
576
589
582
564
654
606
602
583
605
582
591
580
609
578
581
567
569
580
566
580
586
578
576
575
620
582
623
568
623
582
593
587
601
589
623
594
606
579
595
584
599
595
588
590
578
591
607
599
595
584
573
593
571
585
596
596
602
605
611
584
629
609
608
574
622
591
583
597
626
567
584
668
630
593
583
613
596
624
605
574
586
588
597
598
610
620
571
587
604
576
580
571
639
560
592
592
596
571
591
591
567
596
584
568
566
569
606
576
587
621
575
581
577
634
590
621
601
575
573
644
594
612
551
595
582
574
568
620
592
598
578
634
578
601
592
602
565
607
560
582
575
599
576
566
573
614
583
603
591
587
582
574
572
564
572
579
585
621
582
565
582
597
577
577
569
580
589
613
588
582
584
552
575
610
580
562
585
563
582
593
572
582
590
568
591
593
572
569
583
579
593
590
593
571
554
596
564
574
588
594
601
566
598
565
564
578
614
595
601
598
581
584
611
594
585
566
599
581
611
609
614
605
573
592
601
565
567
570
608
574
568
570
574
592
575
625
603
566
615
606
609
575
593
579
613
569
593
591
575
565
584
587
597
600
617
562
611
583
590
616
591
565
626
593
573
585
602
570
575
586
572
582
618
578
607
579
562
590
587
566
599
568
590
573
611
582
631
585
597
578
591
578
597
572
600
596
568
598
586
593
551
586
582
578
575
578
557
585
591
585
573
588
595
574
600
577
571
575
613
593
614
564
591
571
582
568
554
573
584
595
585
617
569
588
589
592
576
569
605
589
573
570
605
590
603
594
590
573
597
604
606
608
563
594
575
575
565
619
569
555
586
630
563
571
600
585
633
585
560
611
569
599
589
573
584
626
563
602
596
613
572
593
624
600
585
621
575
579
584
605
563
600
634
578
569
581
580
592
575
608
584
607
583
578
577
616
589
620
587
573
587
571
582
588
573
605
577
579
577
584
582
614
586
571
589
567
569
593
596
574
586
558
577
606
587
603
596
574
575
590
594
588
576
568
583
618
597
567
587
605
621
583
587
581
585
562
583
602
586
613
595
610
606
598
567
617
608
573
625
571
621
594
576
591
582
592
624
573
575
554
586
605
573
570
568
586
586
642
566
573
570
592
581
560
571
573
570
584
619
563
572
614
626
634
613
583
605
623
624
599
623
565
612
607
603
589
587
565
609
575
582
559
580
589
583
578
593
584
575
572
578
569
600
588
598
585
580
586
574
575
579
578
635
582
594
586
576
585
610
586
615
583
623
579
582
582
563
597
581
596
602
592
576
586
590
598
585
577
578
588
562
597
587
577
594
601
567
577
594
616
618
562
576
573
626
564
598
580
572
622
581
597
574
603
552
605
573
581
584
580
606
588
574
629
593
578
606
587
565
610
558
598
562
572
615
576
584
583
558
580
611
616
569
565
576
602
616
579
594
605
559
580
586
611
603
632
576
633
607
593
592
587
560
573
570
628
591
583
616
611
607
618
590
643
628
628
629
655
704
772
797
854
885
977
990
1044
1092
1132
1156
1211
1187
1182
1182
1160
1121
1064
1059
1012
975
909
899
884
836
809
794
794
730
728
685
662
678
673
652
638
633
621
623
648
612
599
596
607
588
589
579
586
587
573
584
593
581
597
601
594
590
582
599
622
599
585
590
601
606
582
562
589
580
599
580
611
584
612
610
577
622
558
601
579
614
615
600
612
613
604
634
578
630
616
634
597
653
594
638
599
644
608
613
624
689
598
664
653
654
617
651
613
658
653
645
649
624
599
619
602
642
612
642
662
647
642
639
644
667
617
653
626
669
616
660
618
651
611
627
617
649
611
622
604
697
612
635
623
655
612
627
613
679
619
617
618
636
621
654
631
632
638
616
639
644
640
632
625
615
630
650
623
616
619
652
613
620
605
655
604
607
610
588
626
626
645
584
589
635
577
593
592
575
587
597
603
607
599
612
603
578
588
599
608
587
617
642
584
599
588
604
577
634
602
583
643
561
629
621
596
600
609
604
611
577
606
575
583
577
598
605
630
592
613
581
618
582
627
616
624
649
627
576
595
578
605
588
589
572
604
579
616
599
654
599
624
591
599
603
640
579
604
591
604
586
638
609
645
601
587
585
619
598
608
585
606
587
582
603
643
599
596
589
623
591
597
593
607
601
594
589
589
604
634
594
582
591
646
594
602
589
590
599
604
599
596
598
585
594
582
603
588
599
589
576
589
588
604
605
620
592
596
570
605
632
579
598
613
578
569
585
597
598
621
606
565
585
596
597
630
631
595
639
580
617
574
577
624
601
584
597
626
601
587
583
624
595
598
623
576
583
597
624
596
600
580
601
566
608
605
595
575
606
621
610
595
605
592
614
590
615
579
629
605
608
607
625
628
613
567
622
593
619
602
596
594
646
602
595
594
630
591
608
600
592
589
603
599
629
591
630
592
622
593
612
591
623
593
618
592
583
612
575
601
593
595
587
587
594
601
580
593
591
601
622
577
583
593
592
585
626
595
605
592
615
621
611
583
594
593
596
603
573
601
587
573
606
581
571
591
600
608
567
636
564
616
599
594
611
590
613
591
596
603
603
579
609
593
583
632
569
632
595
594
593
636
591
619
579
602
566
585
619
598
621
580
610
598
599
588
595
620
610
588
595
612
576
611
568
586
620
627
611
609
646
631
575
613
591
630
568
606
587
620
577
583
584
641
595
603
588
582
593
600
601
595
591
607
585
600
591
610
603
583
584
647
600
645
587
637
604
634
597
617
597
629
595
587
595
592
577
575
599
602
591
613
578
586
601
625
588
573
602
582
592
576
603
610
631
573
589
574
582
626
580
624
593
622
615
590
573
580
572
604
638
595
616
623
627
571
581
630
601
652
595
586
618
580
652
596
610
592
585
611
617
580
634
620
599
578
602
613
577
610
614
603
598
621
660
566
648
610
600
580
609
600
615
574
618
582
644
619
589
573
591
572
612
586
611
607
616
604
624
597
628
586
598
603
622
597
591
583
609
607
589
582
596
587
583
599
622
585
614
597
607
590
617
588
610
589
615
597
587
600
566
589
583
595
576
584
583
599
616
590
653
585
614
604
625
589
573
589
636
592
618
598
596
577
592
602
615
631
610
600
609
576
632
603
615
595
596
616
620
576
624
589
622
593
569
624
588
594
582
580
608
590
619
585
606
613
601
626
629
591
573
614
606
601
594
590
609
591
602
601
599
590
594
630
594
613
567
617
573
610
603
611
578
589
604
596
582
602
572
602
569
609
602
608
582
607
618
636
605
588
571
640
604
614
601
587
595
627
599
587
587
619
596
606
607
597
598
616
625
663
679
752
745
815
838
906
907
945
1004
1119
1076
1116
1122
1137
1153
1167
1158
1152
1129
1130
1104
1084
1048
1041
1008
968
976
944
923
888
858
826
837
838
809
805
785
785
724
751
693
721
718
724
732
680
687
660
656
648
663
653
658
654
654
638
632
659
631
637
632
651
640
644
648
680
646
640
643
637
661
612
628
620
668
620
684
616
633
633
655
667
633
670
695
610
670
676
733
637
660
617
641
618
671
652
622
612
645
649
681
641
677
659
641
693
663
619
655
680
662
659
649
668
679
640
645
679
628
649
698
626
652
608
666
619
645
606
645
637
624
630
627
614
639
627
639
625
643
624
621
617
692
618
648
620
638
621
657
640
619
634
609
627
629
643
648
625
646
638
626
633
654
638
637
635
618
640
650
643
655
654
654
639
691
673
682
648
666
641
621
644
646
636
620
639
607
622
630
600
630
605
626
595
610
599
622
592
576
580
566
610
585
598
598
579
593
610
580
627
600
594
597
606
577
601
601
608
602
603
612
589
589
608
597
593
600
607
594
621
561
615
610
590
573
593
561
594
617
652
589
597
602
607
573
627
638
649
592
602
584
635
592
625
600
604
596
598
600
597
593
609
583
615
602
612
594
589
588
578
579
597
601
605
585
631
592
603
609
588
600
614
603
602
607
591
611
600
600
604
588
575
605
577
597
617
598
620
605
588
590
627
598
577
608
593
600
589
598
603
621
617
579
572
582
615
570
609
588
619
575
580
595
602
638
642
638
599
591
605
601
594
639
625
588
596
593
571
602
599
598
597
630
601
630
598
644
619
618
607
611
578
585
611
589
614
602
612
592
618
595
573
630
592
608
595
582
632
607
578
619
599
625
565
597
569
634
625
627
585
593
618
616
591
614
568
581
591
603
574
641
597
597
596
614
596
594
607
604
589
608
600
604
584
604
596
581
594
621
597
639
605
619
599
626
594
641
590
598
603
621
613
585
596
634
600
600
592
568
593
597
591
605
604
594
592
619
591
605
595
594
604
574
597
598
581
607
624
626
628
584
575
594
581
590
574
575
620
597
627
575
626
621
581
582
605
591
640
601
634
607
632
583
607
610
620
595
618
609
580
630
588
599
626
597
596
574
595
599
597
567
614
615
589
577
604
605
618
579
581
606
618
601
653
582
626
629
655
586
617
609
611
640
636
597
606
621
603
646
641
603
601
594
578
603
625
584
624
608
598
593
602
596
618
588
617
599
634
586
624
591
597
591
616
588
603
590
650
606
632
597
613
600
631
586
605
598
623
589
586
604
612
592
586
603
584
586
587
609
602
603
606
589
585
591
613
601
587
593
607
599
616
603
620
601
606
589
606
647
615
610
598
579
593
589
621
598
604
599
633
616
577
603
610
619
573
609
569
586
588
598
585
629
610
623
567
604
574
591
598
610
629
636
648
630
582
606
607
598
615
583
596
622
593
580
597
615
621
586
575
643
586
626
615
598
581
648
582
652
592
653
588
615
599
588
605
598
600
592
593
632
625
589
587
633
577
591
602
605
586
608
600
614
589
632
593
631
600
582
585
599
599
579
594
584
595
643
593
621
591
585
597
639
596
627
599
614
606
615
599
588
604
622
588
609
603
597
597
604
588
626
590
573
601
624
590
590
592
579
599
568
593
634
596
619
586
633
617
613
607
577
636
600
582
609
586
577
591
594
606
615
614
643
624
585
601
577
619
606
596
628
623
582
610
600
593
628
612
579
593
602
601
587
598
596
649
608
600
627
617
588
605
578
612
624
611
612
596
620
607
599
634
578
581
587
594
593
612
580
646
655
599
584
607
609
604
599
638
573
623
618
645
599
599
610
621
581
623
600
606
607
621
600
623
587
606
598
586
577
573
580
583
572
596
574
599
571
602
588
627
651
650
659
707
691
781
781
826
856
901
880
886
882
891
873
854
785
740
738
771
702
697
669
667
622
625
606
617
609
587
611
625
595
637
603
639
576
638
586
571
574
606
576
601
602
586
630
578
618
605
610
563
573
581
589
596
572
593
585
597
606
571
610
594
568
618
583
579
616
614
602
583
605
602
618
593
595
598
602
594
658
604
619
622
606
619
601
586
593
622
585
602
577
603
577
629
587
597
614
576
583
610
607
594
597
602
582
574
563
567
605
560
561
583
548
570
561
577
567
568
550
545
608
572
561
564
563
571
587
560
589
557
561
571
581
561
565
557
573
557
566
564
550
567
583
563
577
568
604
562
585
560
543
558
557
563
534
557
585
561
597
573
551
570
561
581
560
569
564
581
581
584
565
590
603
592
576
606
594
608
630
603
601
589
633
624
582
575
596
598
582
601
590
607
551
579
598
603
597
600
607
566
584
595
583
606
589
607
565
611
609
597
583
571
578
583
569
584
578
574
597
598
577
593
585
612
619
578
587
597
586
620
594
573
591
588
568
578
587
588
593
588
582
575
587
603
627
599
596
576
610
598
557
599
559
568
566
575
580
564
601
627
583
583
586
589
591
566
563
586
583
595
581
595
591
575
576
622
591
588
586
610
592
612
581
567
587
622
592
622
586
606
584
598
582
593
582
579
587
596
588
564
590
588
575
564
583
567
581
589
582
562
574
579
595
574
593
573
586
567
589
585
580
576
576
569
591
620
579
563
576
585
594
570
591
596
571
610
564
590
596
619
599
573
575
618
599
579
572
571
614
587
578
562
606
589
582
586
575
591
593
590
587
566
594
605
620
582
579
581
612
589
596
555
577
570
618
596
598
585
596
570
589
582
557
604
600
598
591
599
587
585
567
559
568
601
599
592
577
626
590
569
570
554
588
619
593
576
580
586
572
582
627
590
605
595
565
569
612
592
611
566
576
578
607
589
580
584
585
584
591
576
574
591
604
584
573
589
630
574
568
593
575
586
607
574
576
592
585
612
582
586
564
575
615
589
590
584
561
582
592
576
574
582
575
582
584
581
576
592
579
572
576
576
583
598
583
577
578
593
603
564
565
570
574
600
564
617
576
602
604
581
592
598
568
625
575
562
611
617
582
579
582
602
640
592
594
566
599
589
557
576
593
572
555
593
573
586
624
611
596
595
617
569
610
609
573
585
568
595
631
570
597
605
582
577
612
570
586
631
579
614
603
586
588
574
581
582
593
607
567
588
565
600
604
591
579
618
620
597
562
577
589
606
589
587
577
592
600
600
577
565
569
616
589
575
581
583
594
568
575
620
581
587
590
638
577
586
580
575
586
570
583
609
574
566
593
555
577
567
593
590
590
563
579
583
582
569
584
606
587
587
567
595
589
613
586
600
585
575
572
610
590
583
575
570
580
571
571
570
578
613
602
571
561
580
566
587
621
587
611
637
592
604
604
562
602
578
617
583
591
589
590
569
579
594
590
565
625
585
576
570
578
607
581
587
590
567
594
581
579
574
557
577
590
574
585
578
573
585
598
597
626
602
578
588
633
579
570
572
564
583
601
575
574
555
601
593
626
572
584
583
582
568
626
583
581
571
605
610
624
584
594
581
616
583
594
584
574
595
557
592
594
582
585
595
622
585
597
589
587
584
586
582
638
580
621
588
575
586
615
591
622
584
601
599
577
584
592
575
569
594
560
578
573
579
610
578
569
591
579
593
575
590
561
