723
703
725
708
716
709
704
706
711
714
702
710
714
702
714
723
691
712
709
703
708
701
715
700
715
712
696
702
715
706
715
709
707
715
712
699
719
711
711
706
706
718
717
711
717
719
726
709
714
727
708
695
722
702
712
702
698
711
717
711
705
699
717
718
705
713
711
717
712
721
700
717
714
718
711
707
705
706
709
708
713
715
714
693
702
712
712
687
712
710
713
708
711
702
711
721
708
708
706
704
723
720
710
716
695
715
704
709
709
712
703
708
719
692
709
703
718
703
708
709
699
714
706
695
704
698
710
709
706
708
702
706
713
712
714
704
704
710
711
705
714
719
709
714
721
714
706
710
718
717
708
711
703
707
714
697
699
711
720
708
723
703
701
719
708
696
712
704
703
719
703
698
693
712
720
709
704
700
712
717
718
708
705
700
714
707
709
699
700
711
710
698
697
717
715
711
704
715
721
716
694
715
700
717
699
716
712
712
721
694
707
703
700
708
712
715
706
721
716
695
715
713
705
714
690
695
721
705
705
711
699
699
718
710
716
719
717
715
705
704
700
710
711
700
721
705
714
686
712
706
688
703
711
714
714
710
720
708
711
716
698
720
712
719
710
713
721
703
717
707
705
707
717
712
715
695
695
722
708
715
704
713
716
706
701
711
718
718
698
713
702
705
694
708
708
719
710
711
716
703
695
716
716
705
721
723
701
699
713
706
701
700
705
707
714
707
698
709
714
719
701
723
707
694
695
714
710
699
702
706
703
715
695
709
726
715
710
709
708
716
706
707
710
696
717
709
706
719
705
703
709
695
720
695
706
702
705
713
698
702
711
713
698
719
712
718
702
707
718
715
710
715
694
698
697
705
709
724
709
711
711
716
704
698
715
714
713
703
708
700
707
705
707
708
707
693
705
717
697
718
706
712
702
711
719
711
686
709
707
700
705
715
708
712
722
710
705
718
702
705
717
707
719
716
710
713
706
708
700
714
700
713
710
699
715
710
702
712
724
720
711
721
715
715
712
715
699
719
718
713
712
696
712
714
707
706
704
709
707
712
707
694
705
726
702
707
711
697
706
710
688
707
711
713
704
707
711
702
718
719
713
726
711
719
711
713
712
717
722
716
709
710
709
716
711
717
711
700
713
709
710
711
717
694
715
716
721
709
709
704
712
712
718
699
704
711
707
702
700
714
722
722
703
704
714
700
713
713
710
703
715
720
694
710
707
707
695
703
708
719
714
714
713
708
703
710
708
694
717
703
703
709
706
716
717
705
709
717
710
718
710
720
715
716
705
723
709
708
704
706
709
712
725
703
720
726
724
725
711
725
731
716
727
741
719
748
728
744
741
780
752
772
787
811
860
887
935
1009
1066
1152
1242
1343
1455
1571
1674
1768
1812
1851
1839
1803
1761
1661
1546
1435
1333
1213
1093
1007
919
875
840
818
782
772
762
773
758
767
767
772
764
757
760
741
731
745
735
713
738
725
719
733
724
720
732
715
725
729
724
715
712
717
702
720
716
709
716
717
708
711
728
711
717
719
710
710
709
717
708
713
709
705
697
712
727
695
710
722
723
729
707
716
707
719
710
703
713
707
709
724
710
709
713
713
720
725
711
719
724
703
716
707
717
721
712
713
719
701
711
708
723
712
719
717
728
707
708
710
704
719
729
706
726
710
721
716
721
706
721
724
718
709
711
726
719
721
720
717
716
716
714
710
710
724
703
709
729
719
718
718
707
726
710
721
711
720
718
712
709
702
711
697
718
714
697
706
712
725
722
714
708
722
720
714
724
710
713
718
715
714
730
716
705
702
705
715
714
714
729
709
714
705
713
722
737
724
726
720
720
712
706
722
714
721
710
714
707
712
719
711
725
711
721
692
718
718
717
704
712
717
718
716
719
705
715
710
721
705
717
711
705
699
716
720
710
704
708
710
698
729
718
735
708
719
706
723
713
722
710
699
714
718
722
708
725
723
722
710
721
708
710
721
717
702
719
709
725
704
716
716
713
718
721
711
726
724
717
715
716
716
712
715
706
715
720
715
723
714
711
697
720
709
705
706
696
722
718
719
726
718
719
729
694
723
718
715
712
719
719
733
707
722
701
706
719
724
702
725
718
714
715
698
712
706
712
724
711
714
706
724
714
709
695
694
720
705
718
716
718
723
702
706
720
717
711
719
728
713
708
730
712
702
709
705
708
712
706
728
718
710
713
729
725
718
715
694
701
718
694
723
724
710
716
719
714
706
723
698
708
719
721
722
732
718
717
711
732
711
715
712
698
711
714
725
705
707
714
727
719
718
710
720
720
727
711
711
712
709
705
715
710
718
727
717
722
710
702
719
711
717
713
710
711
700
710
725
706
708
702
717
716
717
718
696
708
718
711
717
704
713
715
707
725
713
713
720
710
710
714
723
705
710
715
703
717
708
719
711
709
705
719
713
716
717
698
724
716
718
699
717
699
722
725
708
724
709
718
722
709
720
717
713
722
711
720
727
700
718
717
720
720
714
730
727
715
709
715
697
716
718
723
711
716
711
729
715
708
731
710
702
716
706
708
731
708
716
694
720
730
702
724
709
723
723
718
721
708
710
709
715
724
711
718
718
705
720
707
702
701
715
711
723
710
724
711
714
720
718
720
725
713
699
711
718
701
723
728
699
720
698
709
715
714
704
726
715
721
716
708
710
701
704
715
724
720
714
719
706
715
708
730
701
705
713
713
711
723
709
722
717
720
701
717
718
722
720
718
720
715
711
726
725
716
710
720
713
703
689
711
712
711
702
700
727
721
710
712
709
706
719
718
729
714
721
717
728
705
706
709
722
716
714
715
705
714
714
719
727
718
710
700
702
724
722
721
713
717
706
715
693
718
700
718
697
725
699
710
718
717
706
725
696
702
709
701
706
715
715
708
708
716
728
716
726
720
715
712
721
716
722
710
718
709
708
710
717
704
716
719
708
713
714
711
717
723
718
723
720
698
717
728
717
693
718
707
724
714
713
726
735
711
708
711
700
716
720
718
730
720
722
729
718
706
731
722
701
707
716
719
714
704
722
705
715
720
719
719
724
703
716
719
713
724
717
710
727
717
702
710
715
719
713
690
712
713
721
710
712
708
710
715
720
699
697
730
707
694
716
709
716
712
715
702
715
720
708
725
694
704
725
711
720
711
704
718
700
724
707
721
714
717
714
706
707
697
717
708
717
719
708
711
717
717
711
718
710
706
719
713
711
721
706
707
703
715
721
704
732
726
728
712
728
701
722
714
711
714
721
724
714
710
719
723
719
720
717
715
719
720
724
718
720
726
706
707
722
712
711
720
721
719
704
717
696
714
724
721
707
716
722
718
711
710
714
711
722
715
730
721
727
730
730
732
732
725
744
737
722
747
724
743
751
742
737
739
742
749
755
758
765
756
766
772
763
766
748
749
742
764
770
784
787
797
800
840
880
902
915
995
1064
1101
1195
1302
1380
1468
1570
1666
1743
1801
1859
1851
1786
1719
1644
1560
1430
1320
1220
1100
1031
938
886
842
801
783
766
755
740
744
753
737
740
730
736
743
727
722
737
737
733
728
726
726
718
710
715
739
717
719
729
723
729
719
721
725
714
719
711
723
734
721
731
701
730
725
715
718
721
718
721
716
719
734
735
714
714
724
707
710
721
713
716
715
719
725
722
720
715
725
726
729
723
720
721
724
718
713
720
704
718
717
714
724
711
731
731
722
736
717
743
721
718
727
740
721
728
733
729
729
716
721
737
728
725
728
733
726
738
730
747
712
735
740
732
730
731
732
737
737
746
734
731
723
721
737
724
729
729
724
733
725
731
729
713
731
724
732
732
731
728
722
729
723
719
734
738
745
727
729
735
736
729
735
725
714
728
741
726
737
726
720
725
713
728
729
735
730
729
740
719
727
728
734
735
722
728
727
732
716
727
742
729
741
733
731
734
737
732
731
739
733
727
730
723
727
740
733
719
715
718
703
717
725
725
719
725
709
719
716
727
727
739
717
712
723
710
722
737
730
714
713
715
728
724
732
728
721
715
715
723
717
724
724
718
726
706
719
715
729
713
724
722
715
727
718
713
725
724
710
736
730
736
723
715
709
730
721
716
723
735
722
695
710
728
723
716
736
721
720
721
725
719
722
711
723
724
737
714
720
717
713
724
732
727
733
722
723
720
724
720
724
721
719
723
731
718
722
713
731
706
721
712
719
729
718
719
717
717
716
720
728
720
708
715
712
723
723
708
715
714
712
715
726
728
723
725
721
731
733
724
712
725
719
727
719
720
721
725
731
714
730
706
715
723
712
734
727
711
715
717
745
733
712
712
718
718
713
721
715
713
722
729
724
725
733
717
719
726
720
721
727
731
738
732
714
709
726
714
730
725
716
719
722
736
721
712
735
697
722
731
722
715
730
743
718
735
723
721
715
724
731
721
733
724
735
735
711
723
717
719
716
733
724
706
717
717
714
708
722
739
718
724
737
710
721
721
716
729
712
723
716
725
716
730
728
732
720
732
701
722
730
720
704
730
716
720
716
716
731
728
709
714
727
723
734
718
722
737
715
709
712
726
719
732
727
728
726
730
718
711
723
716
725
713
723
731
713
717
710
722
703
729
735
720
725
724
728
721
729
720
724
715
717
719
716
727
716
720
720
730
727
718
719
720
727
726
715
722
735
728
716
726
731
731
727
723
733
731
716
722
715
705
722
728
713
733
727
733
708
721
722
725
711
718
726
729
729
715
713
713
727
728
705
715
733
736
722
727
732
728
729
730
720
726
716
722
713
711
714
717
716
727
718
719
722
725
706
732
731
724
707
714
713
738
721
709
717
730
734
718
726
707
722
726
732
722
731
725
720
715
736
713
715
734
733
738
717
718
726
729
723
728
721
722
733
713
721
714
728
724
709
723
727
723
727
729
733
716
741
724
719
720
723
718
731
729
715
736
731
710
715
732
711
721
712
713
730
730
733
725
714
728
711
726
718
716
731
718
718
726
725
725
737
733
711
729
718
731
726
723
706
722
723
724
724
717
718
731
736
732
712
719
720
733
727
723
721
716
723
730
717
718
742
732
722
731
724
732
749
723
729
732
715
741
741
732
716
712
731
730
715
720
734
711
722
720
722
727
724
725
727
733
726
723
742
719
726
718
724
729
732
732
737
711
728
729
746
754
729
739
753
762
750
751
749
782
771
768
772
793
827
851
921
997
1109
1280
1413
1554
1670
1688
1628
1510
1352
1226
1056
987
890
851
820
788
785
762
762
750
749
740
738
742
742
723
747
741
723
746
744
731
730
721
735
721
727
743
723
734
735
727
729
733
724
736
722
714
734
730
743
737
731
740
724
724
727
726
742
722
732
738
729
722
739
727
737
732
722
746
742
723
733
727
736
751
736
735
740
730
722
736
726
724
735
732
735
721
748
747
744
746
736
738
731
729
729
744
738
729
731
727
730
721
745
739
738
734
725
742
727
742
743
727
741
738
728
717
738
727
748
717
729
735
744
740
731
742
724
732
736
734
733
745
729
734
736
707
743
740
748
739
726
724
721
728
724
721
726
730
729
718
722
731
736
731
734
735
730
733
731
747
738
727
731
740
725
740
738
736
732
725
729
737
720
730
729
727
733
717
732
744
733
736
722
738
736
733
724
738
731
734
740
736
731
743
748
732
732
745
753
728
731
738
740
737
745
736
729
744
742
713
722
727
728
733
735
734
737
708
734
739
720
723
717
728
717
725
723
738
735
726
726
718
732
724
723
718
726
721
731
725
719
726
734
716
738
731
712
730
728
723
715
743
725
728
723
724
712
726
720
733
712
716
740
719
728
730
732
721
720
739
727
729
739
740
715
716
727
704
737
710
734
729
716
733
719
721
723
724
720
714
726
722
720
725
731
722
733
708
724
730
723
714
737
732
736
724
725
722
731
725
731
724
733
738
706
727
721
724
731
723
726
720
731
736
727
737
740
714
730
730
736
715
717
718
725
735
707
733
729
735
734
725
737
713
727
738
720
732
741
727
731
720
712
730
710
726
716
738
720
724
716
730
744
725
714
721
737
722
728
711
721
732
720
725
720
720
712
724
733
713
728
723
729
731
729
732
737
726
719
725
720
726
725
726
723
726
731
735
717
720
726
736
697
724
708
725
728
717
722
733
740
735
718
726
727
722
723
725
722
744
729
735
718
730
723
722
730
710
727
732
735
729
732
732
728
723
720
707
740
722
735
736
738
733
723
731
731
725
721
729
733
719
727
727
731
722
717
722
723
723
722
729
721
719
726
730
711
727
741
731
731
721
737
715
721
723
715
734
731
729
719
723
725
729
732
729
719
718
737
726
714
724
730
728
733
729
726
720
742
728
712
725
730
737
728
728
708
737
735
724
741
726
713
719
727
714
731
725
730
715
738
729
729
718
726
742
732
717
739
721
731
723
715
712
723
726
732
723
726
721
724
732
719
731
714
716
732
726
735
725
730
740
734
730
737
735
717
723
719
721
717
710
718
717
706
734
734
731
719
731
739
726
722
728
709
731
725
716
730
728
719
736
733
726
721
728
713
731
728
725
731
734
729
706
723
719
728
727
730
721
725
735
727
711
716
727
729
729
733
722
738
712
717
734
733
734
725
738
739
730
732
733
715
719
724
720
740
733
734
728
717
734
724
728
729
730
736
727
733
743
719
740
719
731
720
717
737
706
729
720
710
718
739
733
738
727
726
718
708
714
726
733
724
733
725
742
741
730
730
729
725
721
720
714
730
734
739
743
727
734
722
736
721
725
736
717
733
729
723
739
724
724
724
725
723
737
709
722
722
723
731
735
721
734
718
735
736
724
736
725
721
726
734
719
731
720
723
728
742
730
719
729
720
724
731
731
736
743
731
727
722
717
731
735
731
737
733
719
725
732
739
732
721
724
719
733
723
731
727
729
735
733
730
722
720
716
729
727
729
727
731
733
720
715
729
731
731
735
720
732
722
716
732
712
717
732
730
726
730
726
727
725
735
740
729
724
727
719
734
731
735
726
734
723
730
734
720
721
715
725
726
748
736
724
735
732
732
737
734
732
738
731
721
724
720
727
736
728
749
747
743
740
745
759
785
761
775
814
842
900
963
1064
1179
1338
1530
1791
2092
2371
2673
2998
3247
3486
3486
3486
3485
3331
3085
2825
2534
2282
2039
1786
1597
1430
1268
1172
1058
999
927
884
857
822
815
761
747
761
772
756
761
736
751
754
749
758
728
751
742
753
749
737
741
721
745
735
724
716
745
737
742
731
731
735
738
738
730
737
726
747
730
725
733
740
740
750
735
732
729
723
727
742
727
746
737
740
730
729
728
737
721
717
722
737
730
728
732
727
713
724
730
734
730
735
720
734
745
743
743
719
730
729
737
731
720
735
728
738
740
726
731
727
740
716
726
731
728
734
724
732
737
722
737
742
731
729
738
742
732
729
724
739
731
723
722
735
729
738
735
733
736
720
726
729
725
722
744
729
718
726
729
736
730
728
712
725
717
736
739
725
723
723
724
725
725
726
730
726
719
732
721
730
732
707
728
716
730
740
717
720
738
738
728
735
727
722
730
714
726
726
718
724
732
734
725
733
718
728
722
731
724
725
718
721
729
724
733
740
721
731
727
737
715
719
724
734
724
738
712
735
718
724
729
733
712
742
729
737
732
715
726
726
713
723
725
715
730
726
714
721
720
705
723
706
722
729
725
730
715
704
724
716
727
701
727
705
726
710
733
721
720
731
726
723
722
711
722
723
727
721
715
735
727
709
735
729
715
734
737
720
722
717
715
714
715
739
734
719
722
716
706
725
707
729
734
732
728
717
727
722
706
719
718
730
723
723
727
730
723
721
711
715
714
722
718
728
721
715
725
708
739
723
730
732
733
722
704
714
719
723
730
722
717
720
731
709
707
731
731
731
722
710
720
719
733
709
730
728
714
729
731
720
722
719
710
728
726
716
721
721
723
714
737
735
703
713
718
728
725
725
726
721
714
723
721
720
720
729
732
732
725
724
722
722
716
729
735
721
723
723
733
715
726
717
719
724
717
725
722
729
724
729
712
727
720
719
740
718
707
713
740
719
730
713
706
722
712
723
718
712
715
713
729
719
721
708
732
706
731
726
698
702
724
722
725
719
724
720
725
722
727
715
713
723
728
717
715
718
730
723
720
721
718
723
722
707
724
729
720
738
725
718
711
728
730
739
715
714
713
721
716
727
720
718
711
713
732
716
730
730
714
726
708
718
713
718
726
724
718
720
721
732
733
722
722
712
723
718
725
725
712
734
727
740
723
733
716
725
729
723
708
723
717
727
716
739
725
727
719
726
714
719
730
707
730
709
722
710
721
741
728
718
727
715
725
726
716
729
702
722
716
726
717
732
715
723
705
711
737
722
720
715
711
732
709
710
715
733
721
723
734
704
725
728
710
724
728
726
741
720
731
732
709
713
725
730
737
725
722
723
712
727
716
728
716
717
725
723
713
718
717
727
715
722
733
730
721
728
727
735
733
711
727
718
728
730
705
731
714
726
718
733
708
732
720
714
704
726
735
730
723
736
733
723
725
721
728
715
737
729
736
727
714
714
723
726
722
732
715
723
731
713
720
723
714
725
716
731
714
714
723
730
726
716
716
714
730
722
721
718
736
715
723
734
734
725
728
722
726
705
708
721
721
713
718
708
724
717
735
738
706
722
712
724
737
729
727
720
719
712
720
711
723
718
722
710
724
718
727
729
729
711
714
726
714
726
723
728
708
717
727
716
728
698
727
734
725
717
725
728
717
715
720
709
727
720
725
712
728
709
709
729
719
722
718
735
737
717
719
728
724
721
724
712
722
715
720
728
726
726
712
730
717
725
714
737
710
720
723
715
722
723
732
727
722
733
708
730
696
728
723
737
717
717
730
720
733
716
731
716
718
734
737
731
719
735
731
708
717
717
737
730
722
692
722
712
723
709
726
730
721
737
705
734
721
714
739
713
729
721
740
721
730
720
718
720
742
730
721
737
717
708
720
723
728
724
726
724
713
711
720
728
718
727
730
720
722
715
710
726
729
729
743
722
736
720
727
734
726
734
718
715
724
703
728
726
712
729
714
734
725
739
712
729
737
736
741
733
727
737
742
754
768
759
776
776
813
850
869
928
968
1061
1104
1252
1336
1466
1574
1703
1819
1877
1976
1988
2007
1975
1959
1888
1824
1763
1666
1577
1447
1337
1207
1154
1073
980
931
888
839
795
794
769
757
755
749
745
747
740
758
740
746
751
730
738
749
747
740
710
759
740
750
719
729
718
729
705
733
724
733
720
722
740
720
713
736
730
727
710
737
740
735
729
721
720
731
717
731
734
706
731
713
746
738
733
730
746
728
723
726
710
750
725
740
734
722
742
729
735
735
750
731
738
725
741
743
737
747
754
733
733
741
743
744
726
750
733
727
759
732
732
737
744
743
734
739
720
735
732
756
740
741
721
728
733
728
735
737
738
735
744
736
745
743
745
723
734
747
745
744
731
723
733
732
727
739
743
745
750
745
731
733
718
737
719
735
733
742
741
720
751
746
738
742
722
746
744
731
717
743
755
737
735
736
729
754
758
734
743
735
752
747
737
736
746
726
723
726
754
738
753
762
721
733
725
726
735
734
738
733
723
725
734
722
735
722
734
726
741
716
710
724
719
715
730
717
718
727
718
704
723
720
730
730
724
720
730
708
720
721
738
740
711
734
721
724
727
705
739
713
735
727
710
720
723
716
734
723
719
724
710
719
722
718
720
735
700
719
719
715
722
733
726
731
713
738
727
728
733
730
726
729
731
726
730
722
740
735
726
734
709
719
725
727
718
718
728
721
711
726
729
716
720
732
720
714
726
713
726
723
730
727
720
739
721
731
715
716
725
724
712
722
709
710
722
725
731
733
733
728
731
725
719
722
714
719
719
728
715
731
722
725
722
704
725
717
727
720
732
731
723
731
724
728
714
737
732
722
723
727
732
726
728
744
705
730
729
715
718
716
725
723
734
733
740
721
713
719
708
732
727
724
704
730
717
727
724
738
727
723
725
723
730
731
717
738
712
727
722
734
738
716
700
716
719
730
733
712
734
726
720
723
732
704
717
723
719
722
730
722
707
734
729
724
718
712
725
739
729
720
719
715
699
730
731
728
704
722
731
720
734
726
736
728
716
719
723
725
727
723
737
718
719
734
730
729
712
734
726
716
731
729
704
714
717
716
733
727
727
741
723
737
726
720
734
719
704
732
735
719
728
707
729
706
725
725
725
723
730
732
719
720
713
718
717
724
730
715
710
723
721
731
730
726
729
736
731
730
728
722
734
720
726
717
713
729
715
725
724
718
731
733
723
725
724
730
727
720
722
717
736
720
730
731
728
724
730
727
715
724
709
717
724
736
725
731
730
729
726
724
727
731
735
707
720
727
722
714
728
718
728
733
721
727
728
725
716
730
725
731
731
740
719
725
716
728
742
719
736
729
720
720
730
729
721
729
736
730
738
732
732
732
730
725
720
728
717
719
718
733
735
719
722
724
737
734
712
727
720
723
720
718
713
728
716
733
723
731
710
725
728
722
726
717
722
725
731
728
720
732
712
710
736
723
717
719
720
730
720
722
708
725
731
715
727
726
724
722
721
720
737
722
730
717
724
722
724
710
724
723
730
729
711
718
723
734
718
719
724
739
729
731
718
713
714
717
727
722
725
727
721
740
721
727
715
722
732
716
736
725
717
733
723
718
725
729
740
730
738
730
721
724
722
727
729
726
738
720
731
714
729
724
729
742
732
729
728
712
718
732
723
717
719
726
737
720
718
737
706
717
720
734
724
728
723
734
727
720
727
729
730
718
726
708
729
721
720
743
737
737
714
731
721
734
723
716
724
720
729
719
724
732
728
724
729
724
727
724
721
725
729
733
730
722
739
730
735
734
719
725
732
730
741
736
743
738
739
746
737
743
755
771
763
783
784
785
754
760
807
851
895
1034
1182
1401
1675
1982
2243
2454
2577
2630
2630
2543
2402
2239
2015
1793
1604
1413
1279
1137
1069
984
892
892
851
809
801
794
764
749
749
757
741
739
744
748
748
739
738
739
742
729
732
742
735
726
726
720
720
738
736
724
735
732
710
743
730
712
710
732
724
732
724
723
721
722
723
722
746
732
718
729
734
726
734
726
733
728
722
728
728
735
734
736
728
753
737
742
729
744
759
732
743
743
744
754
745
741
730
732
761
727
741
752
741
742
744
736
753
749
756
740
763
748
753
739
729
746
759
750
762
740
748
735
747
737
745
750
754
765
748
771
744
747
751
761
759
753
746
766
758
766
761
762
761
769
753
763
756
756
767
756
752
753
748
742
767
769
738
743
734
762
750
752
755
746
752
742
742
759
759
757
743
755
767
767
758
758
762
748
757
756
761
754
751
754
745
755
749
751
735
756
750
750
754
753
753
750
758
763
758
772
741
765
759
762
749
750
758
765
752
765
757
757
742
759
752
764
750
757
765
740
761
741
763
754
755
746
766
756
759
751
744
770
752
768
754
759
764
767
762
760
756
764
757
773
763
772
774
767
758
773
761
777
775
767
761
760
766
759
773
765
765
762
756
750
744
767
766
754
745
743
764
758
744
757
766
753
750
751
747
748
761
737
740
753
750
737
750
738
738
738
732
743
746
750
743
759
760
744
745
745
748
759
739
744
735
751
755
762
736
755
753
743
740
766
737
760
749
737
746
750
747
751
748
751
758
735
752
733
742
744
753
755
753
755
749
753
740
743
743
761
747
752
738
750
750
733
760
747
752
751
754
735
755
768
745
746
753
751
751
757
756
740
755
740
748
742
734
747
741
748
751
746
744
751
743
755
743
766
740
744
750
738
748
764
751
748
758
721
731
747
741
750
749
750
754
758
743
729
756
741
752
746
751
758
746
767
766
757
743
758
740
745
762
747
752
734
735
753
750
740
760
762
726
743
747
756
765
758
742
751
729
757
755
751
732
755
742
745
748
759
745
753
772
751
758
737
752
750
754
733
744
760
736
745
737
750
744
741
760
753
756
757
760
756
777
746
737
749
749
749
770
750
745
749
757
743
739
751
741
753
746
746
758
729
751
738
742
750
748
742
749
741
757
762
752
740
746
739
758
757
754
733
758
746
740
752
730
743
762
754
748
739
758
736
736
749
737
745
759
735
749
747
742
744
746
748
737
737
741
739
774
742
757
757
756
727
754
754
751
744
748
738
744
754
745
750
751
738
743
757
753
747
742
752
735
759
751
741
751
746
744
744
749
755
748
745
758
759
758
754
758
752
734
757
734
737
752
744
754
762
740
759
746
748
753
754
745
745
754
735
748
758
759
743
735
746
740
761
751
744
752
757
753
738
747
745
749
762
753
742
738
759
759
762
745
752
750
735
729
749
749
769
774
738
760
753
753
747
741
733
757
750
739
747
742
753
762
758
749
745
750
751
741
769
740
762
744
728
745
758
751
721
744
750
761
732
755
747
751
738
758
753
756
757
756
746
743
719
740
733
737
760
750
740
731
747
759
757
755
736
748
736
760
736
739
743
765
746
746
748
748
752
771
753
749
749
743
762
749
770
755
732
745
752
751
747
750
736
747
742
769
750
764
740
766
743
768
770
741
762
767
757
742
752
752
755
752
757
750
738
740
728
749
749
742
745
748
735
761
742
748
728
733
754
747
752
756
749
741
753
751
748
749
756
762
728
751
753
736
750
770
760
750
754
754
730
741
746
763
757
752
765
752
764
734
752
759
755
753
742
742
751
736
763
723
749
748
754
749
752
752
744
751
735
740
751
743
752
768
731
747
741
742
749
749
748
740
779
753
750
742
759
746
742
745
765
772
754
746
752
760
756
755
753
766
758
747
757
775
743
752
734
745
758
739
746
768
759
750
750
754
741
745
759
744
730
753
751
742
747
748
746
752
753
758
750
761
769
748
762
749
762
753
757
769
754
786
770
763
768
760
771
776
761
773
764
749
766
763
793
826
837
889
947
1019
1065
1110
1185
1216
1220
1223
1185
1162
1131
1090
1047
1012
969
910
888
864
831
835
807
782
781
784
768
772
768
752
762
775
772
768
756
747
766
759
746
762
769
785
757
765
761
740
752
752
755
766
752
761
744
738
768
752
758
757
752
751
766
763
764
739
763
738
752
764
765
745
767
758
748
753
770
777
747
769
738
752
752
752
742
770
746
754
747
777
747
760
752
765
755
748
757
781
756
773
768
754
756
766
768
748
756
763
757
742
756
739
786
740
760
747
745
744
755
764
749
756
748
751
738
751
759
748
751
768
757
770
734
756
765
743
757
768
766
762
759
757
747
758
756
744
734
756
758
742
729
753
761
757
748
747
763
767
758
750
759
752
778
760
758
760
745
766
745
753
769
752
757
761
760
736
762
756
770
775
751
752
750
755
771
753
770
759
757
762
756
742
770
778
768
762
772
778
777
803
818
828
833
842
852
838
820
814
808
793
769
778
788
768
781
775
764
763
782
781
771
781
766
750
767
756
758
758
765
758
797
774
757
775
773
763
776
762
768
761
765
768
770
739
749
765
759
759
765
762
768
775
782
770
769
751
763
759
765
776
760
756
779
770
754
757
756
768
759
765
756
766
762
780
793
771
767
753
754
766
765
744
767
787
756
754
778
766
773
767
758
767
767
769
780
778
766
768
766
758
772
782
760
741
763
764
768
773
760
773
750
768
772
770
770
774
769
765
783
770
772
782
777
768
756
762
771
750
774
771
755
762
775
772
760
764
745
762
787
765
754
763
752
776
756
763
761
760
760
767
754
750
757
762
773
767
773
762
764
749
767
777
773
772
777
752
737
754
764
768
764
766
782
780
758
760
761
776
779
779
743
761
767
758
753
759
752
765
750
768
759
767
761
764
775
765
783
769
760
780
771
765
784
773
757
759
760
756
760
754
764
764
790
766
763
756
751
764
755
770
756
790
783
767
762
774
777
764
774
744
774
781
777
772
759
761
767
763
764
758
769
749
756
759
774
782
761
764
752
753
769
765
771
770
764
763
781
777
753
774
772
768
773
742
747
742
763
760
760
769
768
757
769
764
769
764
775
751
774
756
768
765
771
769
746
768
760
772
765
753
760
755
774
766
770
760
757
772
774
764
760
767
762
751
762
758
757
754
759
787
764
776
779
769
762
750
754
748
762
756
769
765
765
749
767
768
761
768
752
754
755
768
772
775
750
773
753
768
769
769
764
765
754
769
761
764
769
765
780
761
772
754
768
773
765
765
769
788
766
778
766
763
763
763
763
769
779
772
765
758
758
752
759
763
762
757
754
748
771
758
773
774
763
777
761
774
769
759
775
751
757
761
760
781
749
765
766
765
760
765
767
760
764
743
752
763
762
785
762
763
781
771
760
761
767
763
773
763
775
764
755
762
769
778
768
765
755
764
783
769
776
755
771
759
758
766
770
767
749
781
765
768
765
772
771
775
775
771
745
770
768
778
765
772
752
756
761
776
778
776
758
762
777
758
767
775
761
774
765
763
758
766
755
765
769
770
773
760
760
766
747
781
768
754
781
762
769
762
742
772
762
772
759
777
762
748
775
780
768
767
757
774
751
753
785
751
761
761
769
774
779
763
781
767
758
767
769
779
765
777
755
749
770
782
752
765
758
763
759
775
774
762
779
779
768
781
776
786
773
771
778
785
769
755
767
756
772
755
767
760
755
767
751
789
774
765
768
757
776
760
764
776
771
768
753
778
769
774
753
749
774
766
746
753
767
768
763
772
777
770
750
773
770
770
763
777
763
779
772
761
768
755
780
773
770
756
756
764
781
758
768
777
786
770
760
761
752
759
776
767
759
764
774
762
766
767
779
781
760
786
766
780
773
769
779
764
766
764
776
765
769
781
771
802
786
778
808
792
815
818
814
809
817
842
885
980
1054
1187
1332
1463
1645
1806
1914
1955
1939
1864
1741
1607
1499
1364
1234
1122
1034
969
912
884
857
832
809
800
785
786
787
791
787
772
769
776
762
791
767
770
779
755
767
760
763
781
758
779
773
779
759
756
771
766
765
753
778
770
774
767
778
745
764
785
766
762
772
770
780
754
765
756
755
769
776
772
773
775
783
774
773
779
788
799
802
801
801
810
822
822
786
811
779
756
775
772
786
780
770
777
777
761
768
753
748
767
760
765
768
769
763
768
763
774
749
769
774
759
767
765
761
751
755
772
758
770
749
779
738
750
765
747
749
760
753
759
754
768
740
756
750
752
753
745
751
744
737
743
734
726
750
737
749
757
729
737
739
740
746
743
752
752
751
753
754
746
726
742
742
749
730
752
750
731
728
761
741
742
749
741
747
754
732
745
743
747
760
746
755
741
742
753
747
746
750
746
739
752
731
763
738
750
750
731
744
735
754
740
747
742
737
753
730
743
738
740
741
741
741
749
747
748
735
755
758
755
767
770
761
790
787
767
779
796
782
797
769
771
768
767
755
752
755
757
739
761
755
739
765
760
755
754
756
752
753
762
743
745
729
748
756
758
766
738
765
758
746
757
743
756
745
758
745
764
743
749
750
735
753
753
746
744
749
757
735
734
745
734
745
753
766
745
746
751
745
749
749
753
760
759
754
743
751
745
752
746
763
754
743
743
748
748
748
733
765
757
750
737
752
752
748
753
750
756
750
747
748
754
752
753
759
752
749
744
750
738
748
744
751
740
757
739
738
757
763
754
760
741
753
759
748
755
756
772
759
767
756
743
747
762
755
751
742
742
735
729
768
753
747
731
740
746
750
739
732
761
748
755
752
737
745
741
749
772
725
741
755
751
758
768
749
742
740
745
732
760
743
737
742
756
754
738
759
745
761
737
732
741
747
737
773
756
749
751
749
760
758
751
753
751
760
737
754
740
746
734
760
769
742
759
751
760
732
746
751
750
769
746
746
738
747
766
746
748
754
718
722
743
757
757
769
750
758
735
752
737
752
746
759
749
766
748
743
770
750
732
746
765
737
746
734
750
726
759
760
756
742
739
756
752
743
747
751
745
757
755
750
761
741
768
743
736
744
741
730
752
759
753
752
759
754
739
759
733
743
754
752
751
754
736
746
745
749
741
782
760
740
738
743
740
749
754
751
743
746
751
733
756
739
744
760
743
777
759
750
743
744
763
735
761
724
761
752
749
731
742
730
748
749
742
733
750
762
747
746
744
745
752
736
736
747
758
751
733
759
764
738
769
765
744
739
741
776
743
750
739
745
744
751
742
742
751
743
742
756
750
763
735
766
741
744
762
733
734
741
746
730
747
749
738
751
751
749
742
759
742
750
760
772
741
749
757
757
741
737
747
740
770
731
756
753
735
758
742
739
758
765
738
740
736
753
760
744
740
758
745
738
751
737
742
745
749
746
747
743
731
767
736
761
751
756
755
755
762
740
761
744
746
735
732
743
749
751
761
741
758
737
747
745
752
752
752
756
742
759
751
734
747
744
752
757
740
765
755
761
768
773
747
750
748
749
761
745
747
757
755
760
752
762
767
752
751
754
771
742
745
748
745
741
755
738
757
744
765
753
723
736
761
734
757
738
730
761
752
735
755
744
749
760
748
769
763
747
747
760
763
750
750
755
745
758
744
748
734
731
760
736
762
740
738
746
765
760
746
753
745
767
752
738
743
745
748
765
734
742
766
739
749
745
754
733
750
745
751
745
751
748
743
756
749
749
765
756
737
744
742
765
754
749
759
725
727
746
741
766
768
741
757
735
733
750
767
750
725
747
752
741
748
738
743
754
751
746
754
736
738
737
771
743
730
755
755
716
747
750
751
726
756
735
746
749
737
737
748
746
750
757
751
734
741
763
736
756
737
747
744
748
748
752
731
750
751
758
746
726
766
719
754
744
748
744
759
755
751
755
745
730
737
740
746
780
732
748
755
759
755
735
747
761
744
738
747
756
746
755
744
750
757
744
749
755
745
746
752
757
760
746
766
760
741
752
758
770
783
769
771
790
825
849
910
1008
1079
1185
1303
1427
1581
1738
1835
1888
1928
1937
1878
1787
1681
1554
1428
1344
1243
1132
1088
1013
944
888
869
822
815
780
791
780
774
758
756
756
771
756
760
762
761
773
763
748
765
756
762
754
743
752
750
748
746
765
758
732
761
749
756
757
755
750
758
755
745
744
733
742
745
748
744
739
748
738
747
742
744
758
743
755
756
770
757
765
776
777
778
786
795
811
825
835
840
854
885
873
886
885
889
898
901
886
896
881
891
876
892
874
854
862
868
843
841
844
824
822
818
809
803
791
788
791
804
786
804
775
780
787
798
784
781
780
764
783
784
765
782
764
769
773
772
761
787
778
778
784
769
763
778
766
771
769
772
779
768
762
777
781
780
767
786
782
776
770
783
780
769
785
778
778
790
789
765
776
780
776
789
791
777
773
787
763
774
780
772
771
769
792
780
776
777
782
783
761
777
756
763
755
749
757
752
751
738
740
737
730
748
756
742
742
740
734
744
737
750
732
730
741
741
731
735
734
740
739
750
747
740
740
745
723
739
745
742
746
743
743
735
737
741
746
735
729
735
750
736
735
737
725
746
743
739
751
730
737
733
741
731
733
747
744
737
750
735
736
746
737
736
745
739
733
741
746
739
744
745
751
744
732
729
739
734
735
758
739
738
736
736
738
741
736
740
733
731
744
746
755
742
744
739
724
736
742
733
727
739
741
743
732
737
742
743
745
742
734
749
748
735
742
736
737
737
729
745
741
736
746
739
747
734
752
747
732
744
740
738
718
740
749
741
742
747
736
741
742
739
731
730
754
732
748
750
735
739
750
741
742
744
741
736
747
747
742
741
731
734
748
746
740
738
744
732
732
737
740
752
730
735
750
746
754
748
738
746
738
742
737
750
745
743
721
741
733
747
739
750
743
746
721
744
731
738
745
740
746
734
743
744
730
748
732
752
747
743
744
746
741
734
740
745
739
752
744
753
743
746
731
727
738
741
742
736
748
740
734
738
747
751
733
741
738
739
735
743
754
746
745
738
734
740
738
741
750
733
755
740
731
740
738
743
749
737
745
749
744
745
736
739
734
747
741
749
746
733
739
743
721
745
734
745
748
739
741
740
744
744
745
743
733
742
718
734
733
740
735
741
733
735
738
748
741
741
747
731
748
734
733
734
748
722
735
736
739
731
722
722
742
740
743
737
738
751
742
745
741
748
735
741
745
746
750
740
734
739
746
747
734
747
741
746
742
736
743
739
735
741
735
735
738
750
738
743
737
739
746
742
750
733
750
746
737
744
745
743
740
740
733
732
749
734
744
740
739
731
752
744
742
731
734
743
740
743
742
737
740
742
725
744
736
745
737
742
752
737
728
729
745
744
745
733
740
737
744
731
750
744
738
733
751
748
735
746
721
750
743
742
744
747
743
729
738
751
734
728
740
736
736
729
749
738
745
742
740
743
745
737
731
732
736
739
740
749
736
738
734
748
735
741
744
731
739
748
737
746
737
747
732
737
733
741
738
739
740
738
740
725
747
751
728
731
742
738
741
740
745
746
726
740
747
737
742
751
745
739
729
747
740
752
747
741
734
733
735
738
739
744
736
749
737
736
741
743
730
740
736
736
740
721
747
740
741
754
747
753
740
734
732
751
730
738
741
731
727
737
738
736
749
745
750
747
747
742
735
744
740
745
740
747
759
743
738
733
734
741
735
746
731
738
728
735
738
732
743
738
734
746
737
736
735
739
739
727
747
744
739
745
736
744
748
743
741
740
748
727
734
729
751
752
735
753
743
758
743
733
736
742
726
745
748
743
733
749
753
742
744
754
742
740
751
749
743
750
722
749
732
731
744
753
739
736
748
751
742
742
741
741
747
736
745
744
741
746
744
747
742
747
736
754
736
747
731
751
735
744
747
737
732
738
743
745
748
758
727
718
725
743
743
746
743
734
742
734
743
732
763
743
752
737
742
736
737
752
743
761
765
745
729
739
746
756
754
750
734
729
729
738
745
751
755
781
799
805
867
881
945
998
1025
1072
1093
1135
1138
1150
1148
1130
1113
1100
1073
1059
1043
1005
976
910
901
867
865
838
811
787
794
791
763
764
759
753
767
745
783
751
754
756
759
753
741
751
751
747
757
750
739
746
753
756
732
753
755
747
747
770
737
738
753
753
745
757
741
733
749
758
741
741
754
750
758
772
778
764
764
764
765
787
778
797
778
809
794
811
808
824
829
838
843
839
857
847
839
851
837
842
857
864
873
847
861
844
857
855
878
862
853
860
853
868
862
863
864
849
869
849
855
859
862
852
858
876
873
871
871
868
864
850
870
882
850
884
874
879
875
883
867
884
847
901
876
875
854
870
864
867
875
870
862
878
881
870
878
892
868
870
868
850
872
879
874
875
875
872
872
855
882
875
870
873
877
875
860
859
874
868
878
881
849
846
867
872
857
874
869
842
876
863
868
867
873
853
880
857
886
858
867
864
863
863
889
894
892
922
943
971
983
1014
1029
1052
1043
1044
1019
1056
1041
1026
1007
944
912
904
846
879
848
822
827
827
810
819
800
818
799
789
797
810
796
802
825
806
802
803
805
807
799
803
798
798
810
801
793
800
802
794
797
816
810
805
815
811
805
809
807
792
787
807
812
799
816
811
814
806
810
799
807
802
805
798
815
795
793
812
815
824
795
804
794
808
788
808
801
818
792
792
811
800
798
816
792
812
801
810
822
799
808
800
799
824
822
799
806
804
808
807
798
818
804
800
803
795
808
807
789
804
798
800
798
803
807
807
801
802
800
801
796
808
816
795
805
808
807
808
795
795
803
801
810
811
802
811
794
804
806
800
798
802
803
803
800
803
814
815
803
813
794
809
808
806
827
793
798
807
801
806
789
816
802
810
805
812
808
816
793
791
803
812
812
805
806
796
814
810
811
797
806
819
805
821
796
809
812
795
811
799
774
810
813
796
804
811
810
815
815
796
816
809
800
830
823
795
809
802
789
802
795
792
798
815
785
785
789
794
823
800
805
812
792
798
803
819
802
810
800
801
799
816
809
812
806
790
789
797
791
799
800
802
791
804
803
823
809
807
811
798
801
823
800
801
798
808
797
795
794
809
811
804
806
822
800
812
789
801
802
800
800
822
808
783
804
811
814
822
796
804
799
812
809
806
782
808
805
808
806
813
806
808
808
806
800
797
792
801
821
779
800
812
810
808
804
805
817
824
804
807
806
815
798
799
787
794
796
802
820
797
792
794
805
819
794
799
790
802
799
804
796
800
794
803
826
797
805
806
797
803
781
791
806
812
797
809
797
807
810
815
803
795
815
809
803
795
782
807
815
804
810
792
805
810
792
804
792
797
814
804
796
796
799
818
802
813
805
814
791
806
822
798
793
815
794
810
787
815
803
818
800
795
795
820
779
797
802
799
817
792
799
784
817
806
812
787
812
810
807
797
817
802
811
788
793
815
795
798
798
806
804
805
820
813
805
808
805
794
805
791
789
807
786
816
802
805
792
794
816
809
793
811
800
800
799
798
807
805
796
804
803
802
809
789
804
801
798
800
804
801
801
801
805
804
809
812
795
801
823
797
804
804
802
794
799
803
809
803
803
803
812
798
807
816
809
816
819
801
808
799
818
801
801
809
805
804
779
800
792
794
799
807
804
804
810
799
808
804
813
801
810
786
796
813
815
805
787
807
802
813
799
787
812
804
815
799
807
794
798
813
802
795
813
806
806
805
813
797
813
801
810
803
801
806
796
804
805
796
798
801
787
801
789
813
799
807
814
796
808
807
798
815
805
812
807
805
799
810
822
803
801
798
799
811
813
805
797
797
819
801
812
800
812
812
817
805
809
805
806
821
807
803
803
806
808
800
806
801
809
800
804
787
800
807
811
812
806
802
798
802
793
800
809
818
800
801
808
812
803
808
823
791
791
806
803
804
786
827
812
792
809
805
800
805
792
797
811
807
792
800
794
807
818
805
800
801
794
809
809
802
808
799
819
798
820
813
807
804
805
790
801
815
808
800
802
818
801
820
805
805
816
801
814
797
801
799
824
795
813
818
802
803
815
821
812
824
802
819
812
815
824
809
793
818
814
816
816
800
819
809
808
785
793
812
806
810
810
809
835
797
800
821
818
820
817
821
812
806
824
802
813
803
812
829
823
820
825
840
837
813
815
819
839
826
844
830
836
823
830
833
828
822
817
821
833
844
845
891
910
1012
1053
1169
1268
1371
1482
1586
1664
1708
1748
1763
1756
1733
1704
1652
1545
1453
1382
1320
1234
1165
1095
1050
1032
1015
969
962
915
916
879
878
872
845
844
846
835
834
816
834
808
834
821
810
825
805
795
811
812
818
794
816
809
823
820
813
816
826
819
824
823
813
830
820
826
826
842
831
844
827
862
844
846
853
865
857
872
875
864
862
880
865
862
861
877
867
859
856
845
862
851
852
865
871
869
874
859
864
862
863
875
857
859
860
873
867
844
855
863
848
859
856
862
857
842
854
858
873
840
862
842
841
876
847
865
842
866
856
864
852
847
858
852
842
853
854
862
857
841
836
865
857
855
844
871
837
851
838
862
850
872
860
854
846
854
860
832
850
838
860
850
852
840
849
851
850
848
847
848
849
860
848
841
852
835
856
845
857
862
848
856
864
853
846
862
856
838
855
858
852
857
859
856
852
855
861
845
859
848
860
851
865
862
867
870
916
907
946
996
1026
1052
1098
1126
1198
1269
1302
1337
1344
1355
1308
1249
1154
1099
1040
1004
978
948
931
914
928
898
906
894
900
885
888
886
886
882
888
883
876
894
878
871
870
872
870
869
877
881
893
875
890
892
879
879
876
914
888
877
875
890
886
873
876
892
893
893
890
881
881
883
880
887
891
878
879
851
893
884
888
885
889
892
874
885
882
894
884
870
874
882
881
884
877
868
873
892
901
888
883
879
879
881
866
899
889
883
871
877
889
892
894
874
885
891
895
862
889
883
892
865
888
885
871
894
889
887
865
902
882
883
898
890
892
892
891
894
886
882
884
887
906
897
878
880
890
887
871
874
894
890
887
892
878
894
885
860
894
898
879
899
884
887
886
888
876
864
872
891
882
895
877
879
889
877
881
889
876
879
884
884
895
872
877
872
878
891
889
871
889
890
878
879
899
894
896
890
883
880
878
888
882
881
892
874
883
876
873
899
889
883
882
892
881
879
882
904
878
885
888
878
889
879
871
879
881
899
884
881
870
875
888
891
897
882
883
894
893
886
880
886
897
880
885
899
878
895
887
872
884
878
872
887
887
877
898
878
886
881
882
894
873
888
882
880
879
870
883
880
890
904
868
882
871
882
879
873
888
877
882
873
898
879
870
885
890
884
871
865
879
876
887
877
871
891
882
886
883
891
880
889
877
890
892
887
875
895
878
866
875
871
886
876
882
884
881
882
882
872
879
882
876
882
878
879
894
868
898
877
883
882
901
880
876
875
884
858
882
885
884
881
884
878
880
870
886
891
886
891
891
870
887
876
887
889
870
872
874
868
872
885
888
864
885
870
879
889
877
884
887
860
895
866
871
873
877
883
879
865
894
892
890
882
880
904
888
876
882
896
891
886
885
897
888
866
865
879
874
889
883
877
867
879
875
882
866
879
886
882
881
879
863
860
872
892
865
890
878
883
871
887
890
891
865
889
879
876
880
881
894
877
891
881
879
870
893
883
877
874
874
879
888
890
886
887
872
870
887
870
888
909
875
872
892
899
895
884
871
882
912
880
876
872
853
890
876
887
890
859
871
889
889
873
864
880
885
888
898
887
881
884
888
879
892
876
873
882
868
860
884
887
890
861
873
877
891
888
858
873
878
892
894
878
888
869
873
882
880
900
882
869
892
883
871
875
883
872
873
888
882
880
890
888
895
880
899
882
877
882
873
885
897
897
852
892
880
868
879
886
871
884
888
877
876
888
891
879
893
879
890
894
888
873
859
892
889
883
868
910
866
885
865
882
881
889
891
882
890
882
874
889
850
875
881
889
876
884
883
881
866
877
892
882
889
909
887
890
883
863
886
871
887
909
905
888
870
876
894
867
879
861
876
882
890
889
880
872
874
886
884
894
873
879
899
885
890
875
870
892
887
882
889
892
885
882
892
885
878
880
873
878
899
895
874
872
887
876
894
900
880
874
878
895
878
900
878
896
872
879
887
874
880
895
883
890
886
886
880
889
887
875
888
896
912
914
926
920
949
1007
1007
1060
1104
1148
1178
1171
1172
1206
1215
1237
1220
1205
1142
1079
1084
1036
1025
1018
979
948
919
903
906
875
897
890
886
898
903
889
887
907
902
899
899
886
876
895
881
888
889
888
891
887
880
873
892
878
881
867
886
884
892
878
869
859
897
882
905
887
862
880
882
863
863
870
869
884
866
875
880
882
879
895
885
867
878
869
881
870
877
888
880
895
886
908
895
924
907
917
914
922
919
929
920
922
924
938
935
924
941
943
969
972
966
954
954
959
945
955
948
952
977
990
995
960
970
990
1007
1022
998
1012
1024
985
984
951
931
906
873
892
854
861
824
832
805
801
784
790
786
782
796
779
772
779
764
784
755
755
779
788
759
766
779
772
774
782
765
756
770
778
768
773
767
764
755
756
779
756
758
776
779
759
778
764
765
747
778
778
790
764
772
774
772
771
763
768
789
785
783
790
785
793
792
788
774
791
772
771
781
770
787
751
762
759
785
768
774
767
782
755
763
768
795
778
764
770
754
767
757
776
775
772
784
765
767
781
772
761
770
774
777
756
791
772
786
772
760
780
774
795
778
778
780
781
786
762
782
767
803
787
781
795
779
796
792
785
785
787
798
791
792
769
795
794
805
793
792
794
779
799
777
786
774
771
801
782
793
781
770
778
792
796
779
791
781
777
786
786
775
774
783
787
803
785
785
793
779
770
803
781
772
782
793
790
794
799
787
789
786
776
787
789
783
789
781
774
783
794
779
794
780
790
788
800
780
796
793
788
774
797
800
790
784
785
768
771
785
780
781
790
775
786
788
781
777
779
787
777
780
782
791
787
785
789
787
775
777
785
794
796
781
788
783
777
784
784
791
784
784
778
790
782
785
787
784
795
780
783
785
784
777
791
802
795
788
781
773
771
792
778
793
783
777
785
794
787
793
785
804
783
782
787
804
795
792
785
797
808
804
789
794
778
787
790
793
796
792
789
790
780
775
789
783
785
772
791
780
772
790
784
794
788
782
772
788
786
786
786
788
789
809
772
777
800
785
785
780
794
795
786
778
783
785
777
797
796
787
794
787
790
788
802
783
796
791
796
778
783
778
786
784
788
798
778
792
779
789
775
782
786
794
784
781
791
797
790
789
790
792
788
795
772
805
800
776
790
781
799
787
786
775
788
779
780
788
777
778
784
787
793
783
779
798
793
784
793
782
778
788
768
795
789
781
790
796
785
788
784
792
773
784
791
795
793
796
792
786
787
769
796
797
786
799
772
785
796
783
802
781
786
797
781
799
793
803
786
797
799
787
782
787
788
787
796
782
788
799
785
810
794
780
798
780
791
772
787
777
788
789
772
780
796
779
796
781
775
807
804
782
782
781
788
789
783
791
778
792
783
793
781
796
778
794
785
794
788
782
791
797
799
781
807
785
796
781
787
782
800
789
797
781
785
787
797
782
803
793
783
787
789
778
778
787
792
793
778
797
783
779
784
790
778
779
798
784
785
777
794
788
784
781
789
798
780
777
782
774
786
784
795
790
766
787
798
786
811
794
792
808
788
799
791
795
777
786
786
795
779
781
784
781
789
797
791
801
787
790
784
793
783
789
788
770
781
771
788
793
800
801
795
788
782
801
798
786
790
788
789
785
777
790
798
780
791
801
796
776
767
776
789
777
790
793
785
782
779
795
783
789
788
780
789
800
785
783
776
795
784
779
775
767
785
792
784
784
804
790
774
791
791
783
785
779
805
792
798
786
776
784
815
795
787
777
772
795
789
798
810
774
795
786
806
784
787
792
786
781
801
785
783
785
782
784
805
791
794
786
794
769
798
792
791
774
797
794
773
772
778
774
787
794
779
797
794
792
799
787
781
783
791
782
776
782
781
783
786
782
790
794
778
792
794
783
784
788
786
789
796
781
784
774
791
786
807
789
780
806
781
796
785
787
804
788
781
781
767
792
788
787
780
796
794
792
785
799
771
785
773
792
791
792
798
766
812
790
789
769
806
794
780
796
790
782
784
798
787
789
788
788
774
781
792
799
788
796
793
788
792
780
799
795
786
797
788
796
785
791
787
792
798
810
783
788
773
786
784
799
790
810
806
795
783
776
800
774
810
791
789
789
791
798
797
787
803
782
806
791
804
788
794
804
807
807
798
803
814
797
793
807
820
813
806
822
813
818
816
802
797
796
795
790
814
847
890
967
1034
1119
1255
1370
1469
1573
1669
1726
1741
1681
1610
1526
1416
1331
1236
1141
1076
1006
959
896
875
857
839
835
808
812
806
801
802
798
785
797
792
791
774
781
781
775
778
785
777
781
788
785
777
791
788
789
777
795
793
784
783
791
779
787
780
795
783
802
782
795
797
781
791
778
789
793
787
782
786
782
787
772
781
782
780
781
782
770
774
783
781
775
792
796
781
789
783
788
792
787
780
780
785
763
775
781
777
792
784
800
808
818
835
862
899
851
813
849
848
877
883
904
933
953
980
993
1037
1051
1069
1073
1082
1056
1065
1074
1067
1027
1035
1014
983
978
940
918
907
884
877
884
861
862
856
840
844
821
826
833
817
825
807
803
807
786
798
793
793
789
775
784
789
785
789
783
804
799
805
802
802
813
807
824
804
793
797
835
830
818
817
822
816
814
823
815
809
811
837
808
808
824
822
829
832
816
821
815
826
821
830
825
827
824
832
830
804
810
825
827
818
813
812
830
819
812
817
823
834
829
825
815
829
812
819
822
815
809
818
823
827
817
813
825
813
809
817
803
814
800
806
816
823
819
815
811
817
806
816
817
834
812
817
791
809
833
799
812
818
825
794
818
822
812
822
819
809
811
819
817
819
817
814
819
791
804
813
823
804
826
802
801
802
825
802
806
796
803
831
816
817
825
795
829
813
815
813
801
808
815
797
812
788
819
783
788
801
781
794
789
797
772
778
781
780
801
765
775
764
755
774
756
745
752
752
738
752
727
733
734
759
726
725
747
746
752
736
745
748
748
741
744
765
748
731
733
735
754
761
727
739
744
750
753
735
731
750
718
751
734
739
741
745
750
748
739
723
730
741
739
730
746
732
732
739
742
735
734
763
758
757
745
742
743
728
751
745
740
731
748
725
751
731
736
737
743
742
732
751
739
717
741
732
752
733
765
744
729
730
739
734
734
738
751
733
741
752
743
722
725
741
756
737
748
731
743
732
741
733
733
739
723
718
736
751
719
748
747
740
730
742
744
748
732
739
744
738
744
731
738
745
744
739
748
731
749
730
763
744
735
725
741
726
741
754
751
749
744
753
747
745
730
746
724
748
737
731
742
751
743
745
743
749
758
728
742
725
747
739
725
735
735
747
761
747
742
749
736
746
745
734
758
729
746
748
734
750
742
751
725
746
733
742
729
743
735
729
752
719
752
732
734
746
744
766
742
733
759
736
737
752
747
752
758
743
741
718
744
736
732
721
735
761
731
731
749
718
747
762
739
735
755
745
734
753
761
743
750
732
726
722
735
748
748
736
732
739
760
738
740
740
730
747
753
733
742
752
731
738
746
750
759
752
735
742
747
750
734
745
738
731
749
732
740
732
739
752
743
738
737
752
733
736
747
748
745
745
740
736
736
755
750
731
760
760
755
756
751
740
730
754
735
751
763
731
747
731
742
748
749
746
741
752
739
730
742
723
745
739
732
745
749
756
746
759
725
738
740
724
739
734
754
745
756
748
737
753
732
735
725
738
748
739
752
744
746
757
743
740
744
737
757
738
725
739
742
744
718
741
743
743
744
729
757
747
737
720
754
763
724
737
744
737
736
752
731
726
750
722
747
736
735
748
745
746
740
757
742
740
764
744
735
745
764
739
755
736
735
733
733
735
736
738
746
736
747
751
743
753
754
755
744
739
741
729
760
749
735
721
745
751
727
734
726
753
744
751
741
742
741
731
740
740
743
759
744
732
734
738
722
740
743
756
750
734
739
743
745
739
732
736
712
734
743
751
745
742
732
733
736
755
729
749
743
732
741
746
753
743
749
741
741
732
741
735
751
737
733
741
731
754
741
747
736
727
755
751
745
735
757
737
723
743
741
728
750
752
745
734
758
722
740
736
730
734
746
752
737
749
742
754
749
731
754
746
748
748
743
766
746
758
740
741
738
736
757
734
739
751
745
734
752
745
756
746
758
746
743
748
753
749
734
721
721
740
740
738
725
752
739
740
739
729
751
747
749
748
735
740
743
755
741
733
743
737
739
747
732
749
747
727
750
741
740
745
745
748
735
747
745
749
752
752
753
743
733
737
737
746
748
743
744
739
743
743
737
730
750
743
755
735
735
738
736
740
748
732
727
731
765
749
715
731
743
737
746
738
737
741
757
742
747
750
754
721
743
726
737
734
752
747
743
727
736
742
726
737
747
727
722
745
737
738
732
732
737
736
725
747
745
748
748
735
742
729
740
737
748
741
734
739
745
731
751
757
748
747
744
746
719
741
745
759
738
737
746
757
743
730
739
733
743
745
754
763
752
750
752
746
746
752
757
754
766
754
755
755
768
746
746
770
760
757
753
749
755
750
764
769
768
828
875
906
974
1059
1147
1247
1379
1451
1562
1620
1659
1652
1632
1609
1530
1433
1358
1298
1213
1123
1075
1022
970
913
871
883
837
828
802
803
794
784
780
788
763
773
770
756
769
743
780
765
775
765
755
767
763
754
757
779
755
763
758
762
765
787
763
769
778
781
778
770
771
776
787
790
797
798
812
800
807
816
840
846
839
854
874
874
858
870
875
876
891
887
900
913
916
947
942
928
943
959
967
979
976
975
981
972
986
989
988
992
985
996
975
989
993
974
975
992
981
990
982
992
973
986
979
996
982
990
997
988
991
992
999
1006
1006
995
996
998
1015
1005
1015
1006
1008
1012
1008
1029
1016
1002
1022
1012
1022
1011
1029
1028
1034
1008
1032
1026
1025
1054
1043
1034
1039
1021
1027
1032
1027
1034
1045
1021
1021
1011
1010
1026
1017
1017
1024
1028
1014
1017
1014
1012
1013
1029
1049
1048
1077
1094
1093
1113
1116
1153
1150
1129
1143
1128
1112
1087
1049
990
922
871
851
841
808
814
807
800
808
805
801
793
811
794
795
785
795
783
794
794
792
787
783
796
797
783
800
791
778
802
792
790
788
800
792
790
793
797
809
782
784
790
774
790
793
805
772
780
785
782
797
804
798
797
789
791
777
793
778
811
796
802
775
784
806
792
791
792
785
795
775
799
797
797
798
796
789
799
798
787
794
791
785
778
807
803
791
786
789
797
781
784
785
780
787
797
789
798
801
792
786
793
774
773
799
798
795
780
793
792
784
788
807
785
790
799
792
795
793
800
798
780
796
788
780
814
799
779
796
789
779
788
795
784
791
784
794
792
790
784
788
792
793
777
800
785
796
785
796
805
787
780
792
799
788
789
809
797
776
804
804
788
797
788
780
787
783
797
794
788
788
805
794
799
808
785
804
792
787
785
793
797
797
780
804
790
787
781
791
789
786
801
792
786
799
781
798
792
792
776
787
793
795
805
776
789
807
795
801
779
771
787
796
789
776
797
792
789
802
792
799
789
787
784
785
783
788
781
805
791
788
791
798
782
783
788
772
801
794
800
782
789
793
775
811
788
785
788
804
805
798
784
801
788
806
797
800
785
794
783
797
786
798
791
788
802
781
784
789
789
795
804
790
799
796
785
787
769
785
782
803
776
787
775
776
792
791
795
798
794
797
786
785
776
790
782
805
793
802
792
792
786
776
790
791
773
794
784
791
801
800
775
796
784
779
783
767
788
795
776
802
789
785
789
796
790
796
784
786
789
784
792
800
797
795
788
796
794
792
806
788
797
790
792
787
788
787
795
787
794
783
804
798
792
791
805
808
780
781
783
782
793
784
799
783
786
795
801
789
798
788
782
802
789
789
785
794
809
782
788
792
801
784
786
789
783
776
801
798
798
799
790
785
785
792
784
786
801
779
793
797
788
786
789
782
801
805
787
793
800
798
794
789
795
784
778
787
789
802
785
781
796
791
791
794
798
777
791
804
797
788
797
787
794
798
789
801
778
796
794
791
781
771
803
795
791
795
793
809
791
804
788
783
785
778
784
786
774
791
781
789
806
792
787
790
797
788
793
786
800
802
783
799
789
789
791
785
786
799
786
800
805
796
799
798
785
795
787
797
791
796
788
794
792
799
788
779
784
783
778
796
788
765
795
791
788
793
816
795
792
780
782
788
804
792
773
777
805
796
794
791
795
780
785
790
785
785
796
802
794
790
795
785
801
791
790
802
782
798
796
797
795
780
786
788
796
783
798
778
801
793
795
795
795
772
779
788
794
779
799
798
790
791
785
794
790
784
795
784
783
794
784
795
773
784
794
794
798
782
784
792
789
793
797
775
791
793
802
794
799
798
795
805
800
804
806
780
775
799
780
787
813
794
780
805
792
776
798
789
779
791
776
793
781
796
795
794
796
800
782
790
795
790
792
801
803
810
797
793
792
800
798
796
799
807
805
798
803
806
813
803
823
823
824
809
815
792
798
803
828
838
880
898
946
1004
1033
1118
1200
1274
1340
1354
1387
1383
1428
1406
1394
1371
1362
1327
1302
1261
1216
1136
1091
1080
1048
1031
969
974
960
954
949
929
925
908
920
890
911
904
891
879
913
903
918
936
927
935
962
964
983
1011
1008
991
1034
1029
1033
1038
1030
1047
1038
1072
1054
1052
1059
1075
1085
1045
1088
1067
1065
1074
1076
1091
1079
1076
1075
1091
1090
1088
1083
1067
1109
1072
1083
1081
1071
1066
1073
1064
1052
1075
1047
1032
1056
1040
1031
1038
1043
1057
1076
1054
1066
1087
1080
1085
1073
1095
1110
1140
1144
1162
1165
1196
1195
1209
1218
1228
1230
1242
1225
1224
1231
1219
1209
1191
1179
1166
1150
1150
1128
1128
1131
1109
1111
1110
1087
1082
1089
1078
1064
1084
1056
1043
1037
1051
1049
1024
1031
1007
1016
1001
1026
1009
1026
1025
1022
1012
1002
1007
999
995
1010
1003
988
1000
995
986
999
982
971
989
975
986
967
961
1004
988
973
966
980
989
978
973
979
991
987
963
973
967
972
962
946
959
960
950
934
943
944
949
951
956
950
994
1002
1033
1026
1046
1076
1087
1103
1098
1133
1137
1142
1150
1159
1185
1142
1099
1010
946
903
875
865
851
843
843
841
841
851
838
825
829
835
849
825
828
822
813
833
831
832
825
849
822
811
817
822
837
825
827
828
842
822
824
836
826
825
834
839
819
834
829
841
833
842
831
814
827
825
837
831
824
817
841
839
825
824
824
830
832
840
834
823
831
839
814
847
836
822
827
838
833
843
831
840
828
828
829
829
817
835
844
821
823
836
830
805
817
827
826
837
830
832
849
831
836
827
838
823
826
827
822
832
823
813
832
820
822
836
843
825
824
826
835
813
828
812
830
834
831
832
819
821
821
831
828
830
842
832
815
822
822
826
837
827
828
827
823
816
837
834
822
846
829
833
832
819
804
830
834
829
819
839
837
812
818
839
820
848
819
811
828
821
824
813
829
834
831
812
826
842
829
820
825
838
831
816
833
828
823
818
836
821
838
831
835
838
808
833
825
836
839
829
825
821
849
820
839
839
833
838
833
813
825
836
826
807
820
831
823
829
827
834
819
825
837
847
819
838
797
820
823
825
817
837
849
828
817
822
822
827
833
835
821
826
828
831
844
823
828
827
833
822
841
838
837
829
828
827
821
825
823
832
836
826
826
825
849
838
836
834
831
838
840
839
828
833
836
836
835
831
826
821
826
832
825
830
836
824
831
827
828
836
840
830
825
836
827
822
828
827
833
838
823
838
833
826
830
828
832
829
831
835
832
830
834
821
833
840
843
829
819
822
838
830
823
820
830
832
823
831
821
838
820
811
846
823
823
836
836
829
820
833
830
824
830
832
823
825
833
819
821
828
834
828
829
831
829
840
837
844
848
831
830
826
824
834
831
835
834
837
824
839
832
826
828
832
818
829
832
828
827
831
839
827
837
821
832
825
847
830
830
839
835
829
825
828
822
843
829
841
832
828
858
808
820
826
829
829
823
835
844
831
833
829
835
842
813
827
829
818
826
820
835
830
824
815
835
820
826
834
838
826
820
832
824
822
837
846
835
823
841
840
811
833
847
834
832
842
831
837
827
830
828
827
843
825
844
828
833
831
833
832
813
830
828
833
827
831
833
830
817
836
841
837
823
825
824
824
832
821
826
839
834
837
835
817
829
821
836
833
824
831
840
846
832
838
828
826
841
832
837
828
820
840
842
831
835
839
837
827
843
832
846
826
820
828
817
822
844
842
821
837
815
844
824
834
841
830
823
839
833
828
833
822
815
845
823
835
825
846
844
821
843
833
828
815
836
836
840
836
830
823
825
825
826
855
829
836
843
832
816
827
832
839
834
839
823
817
840
840
817
839
828
827
831
830
840
828
826
828
826
830
828
830
817
830
843
833
826
855
831
826
836
834
825
841
828
837
835
831
839
830
825
834
843
832
833
839
822
814
827
823
843
830
838
833
815
824
826
855
840
832
827
840
825
840
833
835
850
833
821
824
832
835
824
823
829
816
834
835
840
820
827
807
829
836
827
826
824
832
829
847
839
830
837
823
821
833
840
829
839
831
825
833
833
823
846
858
842
855
852
856
861
861
879
897
903
908
937
979
1013
1040
1082
1106
1150
1205
1227
1270
1276
1266
1238
1213
1211
1192
1177
1137
1108
1085
1065
1051
1033
1021
1012
1009
995
1036
1012
997
1003
1000
981
987
983
989
981
967
981
992
982
999
1006
995
1000
1006
1003
991
1009
1006
1006
995
997
996
989
992
981
991
959
960
974
963
952
951
962
972
959
968
945
953
957
940
955
956
965
965
962
964
963
955
959
954
948
943
949
943
926
913
920
913
904
893
882
891
883
871
876
865
866
861
852
851
834
824
811
823
835
811
810
809
807
821
803
795
783
790
806
774
784
782
778
776
779
769
769
764
784
749
774
750
774
766
761
782
770
752
779
759
763
769
769
766
762
767
756
767
758
768
768
758
748
775
770
756
754
768
772
751
758
766
761
766
775
758
769
755
761
766
769
770
761
751
758
753
753
755
762
765
764
761
754
765
762
761
752
766
759
751
752
760
763
750
753
752
747
768
770
750
766
745
765
779
763
759
765
757
741
753
761
753
756
755
757
750
763
772
753
762
750
757
754
769
765
774
783
779
781
798
795
812
822
832
816
828
854
880
886
911
915
867
839
824
814
791
798
787
788
776
772
768
769
764
784
781
765
764
764
775
758
764
768
762
755
766
763
765
766
771
784
765
770
768
772
772
776
760
781
783
755
766
769
769
770
762
784
748
775
770
777
762
774
767
762
773
777
759
761
771
768
769
773
783
767
759
783
768
771
761
770
772
780
771
766
778
758
767
769
783
777
767
758
767
762
777
780
781
770
766
769
765
760
765
768
780
773
787
760
767
781
768
750
783
776
787
765
767
759
769
766
758
773
769
776
759
759
761
773
766
767
766
779
766
763
764
773
790
779
772
759
788
769
757
768
764
781
771
754
756
779
756
773
772
761
752
771
777
775
768
772
766
788
775
778
775
781
774
766
768
771
756
775
769
762
772
762
769
773
750
770
759
785
760
766
758
786
761
761
775
782
776
767
775
783
759
783
763
764
760
779
763
758
761
771
765
766
764
772
779
766
758
773
765
770
788
756
758
767
792
763
749
768
771
757
768
773
761
772
769
760
787
777
775
769
777
756
767
790
774
754
780
767
766
776
754
765
763
760
770
780
763
780
789
765
772
763
769
760
767
770
780
790
773
772
761
780
767
775
764
775
781
774
785
785
764
749
778
755
788
764
757
764
764
763
763
770
789
759
746
773
756
767
774
766
765
765
762
784
769
777
785
786
776
776
761
789
781
758
759
777
766
780
776
768
772
782
776
765
753
762
774
760
762
784
754
766
781
771
776
788
785
770
777
782
778
777
783
757
777
761
767
775
769
763
777
771
761
764
792
770
768
749
774
779
765
775
760
740
784
768
788
757
759
775
754
775
769
761
754
775
775
792
779
785
772
777
756
768
766
777
755
770
776
781
774
758
773
786
774
775
771
773
766
763
778
782
770
773
770
761
775
773
755
787
758
761
788
754
770
763
790
783
782
786
775
754
770
765
770
746
764
757
771
801
764
757
776
773
763
779
788
764
774
752
773
775
770
747
775
772
764
772
783
776
765
769
784
756
777
773
771
774
798
770
773
772
777
784
760
765
773
772
782
781
769
780
783
761
784
778
763
771
756
773
765
763
763
778
763
779
769
771
768
779
769
765
776
758
756
769
783
796
772
765
791
782
745
783
770
770
772
775
771
762
787
763
782
767
781
776
789
779
767
770
767
762
755
769
769
773
783
783
760
768
763
760
776
770
776
762
767
789
780
776
758
751
775
793
770
764
771
770
749
784
769
778
757
757
790
775
774
784
775
759
778
789
760
782
748
777
774
799
769
783
785
771
777
752
765
763
775
761
744
783
777
773
765
775
759
767
770
776
775
774
755
787
788
758
760
777
775
774
777
772
760
769
780
764
766
761
779
791
750
758
777
774
786
767
778
779
758
789
765
773
767
763
786
773
769
764
783
768
759
781
773
782
781
781
768
767
770
771
775
787
752
766
758
767
778
776
762
786
759
784
766
799
767
772
761
761
778
770
797
763
777
776
779
770
790
771
765
759
775
782
759
776
762
787
767
767
761
770
761
765
776
785
787
767
767
762
784
778
780
771
769
752
767
783
778
784
756
800
799
812
808
823
840
853
895
935
990
1045
1089
1183
1264
1326
1410
1479
1547
1581
1628
1635
1583
1582
1532
1481
1398
1340
1262
1194
1132
1067
1026
980
931
898
854
851
803
805
795
778
771
775
780
755
778
765
765
777
753
761
771
774
786
761
781
742
755
776
760
783
771
796
775
755
790
753
769
752
746
760
759
747
773
765
767
767
776
775
773
770
779
782
814
816
836
852
855
870
885
920
946
1007
1011
1024
1035
1040
1041
1052
1079
1065
1049
1059
1059
1063
1047
1023
1028
1016
1004
1011
957
947
953
938
938
905
896
893
884
880
920
865
891
872
862
849
862
860
853
850
851
857
841
846
837
852
855
859
851
855
865
857
863
863
857
852
862
847
851
855
851
839
841
845
836
827
849
831
836
846
851
845
837
843
848
838
845
837
850
838
839
841
850
847
836
845
834
837
837
840
838
840
843
832
848
832
837
841
835
829
834
845
835
835
841
832
825
835
829
826
833
825
834
835
833
839
838
822
815
832
824
831
838
837
843
835
846
837
833
834
826
835
839
832
823
813
821
832
824
830
846
827
821
826
838
821
830
817
828
818
814
824
836
811
807
805
799
792
796
748
752
739
749
730
731
737
724
731
743
738
717
746
750
731
741
716
731
730
729
720
722
721
718
737
717
746
732
736
726
734
730
722
734
727
723
730
730
720
731
723
731
727
721
727
724
729
720
724
727
733
718
728
743
729
729
748
729
736
732
732
724
732
723
734
730
737
736
739
722
730
722
735
720
740
731
715
727
725
735
728
741
734
733
710
726
728
740
732
740
719
727
732
724
722
726
717
733
727
734
741
715
742
729
735
727
738
730
735
734
730
729
728
736
747
731
735
734
732
711
728
720
724
713
724
727
741
723
724
718
744
731
733
725
723
725
739
732
726
721
716
734
747
729
744
725
721
743
723
741
724
734
742
720
721
731
741
727
736
724
724
727
734
730
738
734
729
725
725
733
732
727
728
735
721
719
711
736
732
742
728
741
725
735
723
733
736
725
727
735
730
736
727
717
725
745
731
729
732
728
730
728
715
738
745
730
746
728
708
736
726
738
715
733
741
736
737
735
733
741
730
742
742
726
733
718
714
738
721
750
739
722
735
732
747
739
730
738
735
741
744
726
734
732
743
732
730
730
732
743
721
737
737
720
735
727
717
733
731
739
727
727
730
736
720
739
728
725
723
726
738
722
724
737
738
732
730
711
728
725
731
741
729
722
727
737
728
736
713
733
719
733
748
735
724
735
720
734
727
726
716
740
735
736
720
722
727
739
730
729
720
737
729
719
729
725
728
733
725
739
725
723
735
725
731
730
725
733
737
725
726
733
739
716
731
720
725
723
731
722
722
739
728
725
718
739
709
723
735
733
737
725
734
714
715
717
728
727
720
738
729
735
725
731
724
733
718
735
735
741
726
726
727
722
743
740
740
729
718
731
721
723
717
746
723
738
730
733
721
729
724
728
719
738
747
730
727
726
740
735
726
732
721
740
739
735
732
720
719
718
730
724
721
725
724
731
734
725
733
726
730
729
732
738
728
729
731
725
734
718
717
736
735
732
722
727
726
720
728
734
739
735
728
733
728
745
735
720
716
723
739
740
734
722
731
722
730
723
732
741
737
740
741
731
727
736
717
733
735
736
737
726
726
729
734
731
728
729
728
740
728
727
728
723
725
728
739
726
722
737
733
736
730
720
737
727
727
726
739
719
734
733
722
722
729
727
736
721
737
733
737
749
717
733
716
730
734
727
720
723
732
734
726
733
743
732
723
723
721
725
720
733
730
723
722
720
712
725
736
724
727
731
734
737
732
740
729
731
723
719
723
729
731
725
718
725
721
731
728
735
713
733
718
727
725
724
726
731
729
717
733
728
736
724
733
730
723
727
730
727
739
723
747
722
730
710
745
711
741
722
726
724
732
728
733
723
721
730
725
728
737
731
724
724
740
734
720
715
710
723
729
718
735
722
727
714
725
720
735
724
710
728
734
733
733
731
732
735
738
731
737
716
722
733
733
731
730
721
715
726
725
719
741
739
721
724
721
722
739
726
716
725
714
738
739
735
725
724
736
734
729
745
740
730
733
723
712
729
718
715
723
724
725
730
714
722
724
729
738
712
729
736
716
738
733
737
729
727
739
731
742
721
716
726
726
740
728
734
722
721
732
731
732
712
726
712
727
725
729
734
724
726
718
726
738
730
715
731
732
721
743
728
746
723
727
738
703
729
726
736
726
739
734
726
728
723
724
746
735
728
724
734
740
720
727
741
733
730
725
741
732
725
732
720
727
731
722
740
721
723
715
708
718
700
714
713
698
709
716
719
755
771
780
807
824
856
892
907
965
1004
1025
1050
1052
1080
1072
1088
1085
1072
1088
1072
1053
1060
1031
1002
1007
974
938
909
905
888
874
859
828
839
825
803
804
777
767
788
785
770
780
766
744
768
758
759
761
775
756
762
742
759
743
754
754
755
761
776
766
762
762
760
759
787
766
763
764
795
774
782
784
795
806
822
814
826
836
843
832
836
855
873
872
859
901
892
893
902
900
906
909
915
910
927
909
914
911
920
925
911
919
919
913
903
913
914
899
891
889
877
880
893
892
890
899
884
870
880
876
895
875
871
891
862
878
878
887
883
875
870
875
882
880
851
872
871
898
879
873
902
897
889
880
872
865
895
886
906
875
892
879
887
912
885
900
868
874
898
862
875
882
885
877
876
882
874
867
874
872
882
879
908
863
897
891
897
937
944
990
1037
1071
1129
1208
1293
1371
1464
1536
1615
1669
1697
1680
1587
1440
1285
1113
996
900
846
788
779
784
769
760
768
760
726
756
744
748
740
750
742
745
757
737
751
752
763
754
745
743
755
747
751
735
743
761
741
752
730
745
753
744
749
728
743
759
751
757
736
734
748
737
760
734
762
739
739
754
759
746
747
744
753
760
731
748
754
750
746
760
734
747
752
759
763
749
763
744
746
734
753
733
754
761
737
750
761
763
742
764
750
741
758
749
777
749
752
741
746
747
748
768
740
742
750
754
737
754
739
753
748
742
742
748
737
750
734
748
745
739
741
762
770
751
757
749
749
738
754
737
750
758
748
765
737
741
748
754
753
736
761
746
740
747
750
755
743
727
742
740
741
746
748
754
765
746
744
743
756
753
746
744
749
768
760
761
747
754
758
744
745
750
744
750
746
767
765
745
739
739
736
742
769
740
751
751
737
759
757
744
751
738
744
743
731
735
750
742
749
750
743
734
751
751
747
749
751
748
752
745
742
757
753
748
751
730
739
743
757
736
746
754
757
743
740
739
747
738
752
742
748
753
757
754
756
744
744
750
759
726
758
760
740
740
734
753
762
741
751
759
777
755
730
753
759
748
742
749
737
752
738
754
754
755
749
728
759
760
756
766
741
739
744
755
739
748
768
748
744
765
727
741
734
731
752
745
729
751
765
759
752
741
748
758
756
756
751
744
732
744
749
741
742
724
755
759
727
753
744
746
735
746
742
741
731
743
765
750
751
732
738
762
762
748
750
747
754
752
744
740
743
754
744
740
744
742
738
750
757
741
754
745
733
746
745
757
759
738
748
734
755
748
735
748
755
759
750
751
739
734
734
745
742
750
752
768
752
732
744
755
739
759
749
719
729
754
736
748
755
750
745
743
782
765
753
753
748
759
740
751
738
774
760
748
735
771
764
761
744
748
748
756
748
755
755
755
746
757
746
732
724
753
742
747
752
755
754
754
752
741
756
746
732
748
747
763
746
745
752
750
739
762
753
749
762
757
759
738
744
750
742
750
746
748
747
754
742
753
740
746
749
747
755
748
760
755
751
756
735
736
752
748
748
744
749
749
747
758
759
742
754
753
751
746
756
757
753
750
758
750
745
754
743
757
752
763
745
766
754
749
739
739
756
745
761
762
757
749
757
731
748
756
755
741
740
758
744
747
755
755
754
775
746
741
745
744
739
750
743
749
763
760
747
760
763
751
752
753
751
742
766
757
742
746
742
749
735
753
752
756
742
749
744
755
751
737
745
754
761
749
744
736
747
754
755
754
747
750
747
749
759
750
739
748
754
739
747
754
739
751
769
758
753
756
755
772
742
747
756
757
759
745
745
760
757
739
741
746
751
744
767
756
747
759
748
755
752
757
744
757
735
748
736
750
756
752
746
750
755
750
753
751
739
749
776
755
768
752
770
754
759
769
771
766
790
765
773
761
757
776
772
786
800
865
905
1017
1138
1319
1513
1757
1996
2258
2461
2631
2801
2918
2984
2935
2850
2770
2611
2472
2350
2157
1984
1811
1660
1503
1381
1294
1198
1096
1052
1023
970
934
899
879
882
867
868
856
851
846
841
841
853
830
851
842
863
858
881
886
898
911
909
944
933
955
983
986
1003
1007
1027
1013
1006
1006
1021
1029
1028
1028
1026
1032
1030
1061
1054
1049
1069
1088
1063
1092
1083
1091
1100
1114
1115
1116
1118
1144
1114
1145
1139
1143
1151
1113
1136
1127
1119
1120
1114
1107
1109
1112
1094
1084
1093
1086
1082
1072
1065
1085
1067
1067
1046
1057
1037
1037
1029
1020
1009
1008
1010
983
981
975
977
972
970
974
957
975
948
959
927
940
938
925
921
936
937
941
944
925
937
918
929
939
924
936
917
925
926
939
916
929
931
920
920
942
928
929
940
926
930
947
950
935
949
936
940
938
924
940
943
941
928
928
934
912
920
917
927
921
924
913
910
910
894
917
923
935
939
969
987
1021
1065
1092
1135
1187
1254
1316
1373
1457
1534
1639
1714
1738
1729
1588
1364
1137
976
849
803
766
772
774
769
772
754
761
751
756
750
751
746
751
745
772
753
758
742
748
770
739
744
753
740
763
745
744
755
756
770
756
757
733
759
767
747
746
751
760
760
764
746
749
737
760
761
747
737
750
745
747
748
750
754
731
754
760
765
761
745
748
745
759
748
749
751
755
745
733
740
751
751
761
761
752
739
743
751
746
745
740
726
738
758
753
730
742
743
761
747
747
752
749
751
753
750
743
753
746
734
741
755
756
733
755
767
739
756
739
746
745
763
749
744
745
748
737
743
755
753
748
745
749
743
753
751
757
746
752
740
740
755
754
749
749
747
732
764
741
762
755
743
751
728
760
758
748
755
740
751
743
750
761
754
752
756
765
753
744
753
747
752
762
738
750
743
733
736
744
736
740
751
733
742
745
751
745
749
746
746
740
735
750
749
767
739
742
744
752
765
747
749
739
766
749
742
746
738
745
760
744
739
760
734
741
749
766
748
757
741
760
736
736
731
749
753
752
743
753
754
762
750
739
745
747
740
744
753
730
760
744
729
747
741
752
740
757
732
737
746
752
747
759
768
755
760
747
748
733
761
746
741
744
741
762
723
745
741
758
746
742
750
744
742
749
762
739
751
760
748
737
752
767
745
739
739
754
746
743
749
753
736
759
761
746
752
749
763
746
736
745
748
750
763
757
753
746
751
757
740
750
753
757
745
752
747
753
753
755
736
731
753
746
751
739
747
751
757
740
734
758
753
746
734
745
756
744
745
767
747
755
738
745
741
751
760
754
759
742
747
742
753
753
733
739
741
755
755
760
759
763
740
747
749
739
740
752
750
731
753
745
754
738
746
756
756
748
760
749
756
756
738
742
739
752
745
741
749
749
764
756
748
755
754
752
753
748
767
747
758
745
757
760
753
740
748
743
742
750
751
754
759
751
737
749
746
742
744
751
745
737
756
748
746
757
743
752
757
755
759
751
766
747
761
753
751
757
738
742
746
741
743
757
739
753
741
749
754
757
751
741
752
741
756
753
732
745
765
764
749
749
742
745
751
752
756
746
756
761
751
749
740
753
736
751
753
746
747
754
743
739
729
715
768
746
753
749
730
740
737
760
763
744
741
744
746
740
750
746
740
741
740
763
760
746
754
760
731
743
757
724
741
744
751
749
759
745
754
732
759
746
760
761
757
751
761
771
755
753
754
761
731
753
753
761
745
764
747
759
736
769
753
750
735
749
754
724
751
752
760
763
745
742
766
763
745
747
760
751
741
748
759
755
733
754
745
757
750
749
750
766
752
758
751
731
744
752
739
763
738
743
765
765
751
752
749
752
767
776
766
758
745
770
778
750
753
751
763
762
798
840
888
920
1032
1105
1203
1276
1351
1380
1446
1435
1414
1376
1326
1241
1158
1078
1029
965
902
907
850
822
823
818
802
799
778
764
793
796
773
768
774
774
773
772
777
790
798
789
813
805
840
864
864
884
927
982
1044
1074
1134
1228
1235
1301
1315
1360
1375
1350
1349
1338
1327
1293
1269
1269
1243
1217
1179
1150
1126
1115
1097
1085
1056
1070
1055
1047
1023
995
1004
982
975
1000
961
971
957
946
958
935
920
926
906
914
905
912
920
899
903
905
904
906
899
882
915
891
891
880
878
887
864
846
835
814
800
819
798
792
795
768
779
771
781
777
755
778
768
748
753
771
758
748
755
760
746
740
735
737
741
737
734
735
755
735
735
734
735
730
738
744
729
738
735
740
740
753
749
741
734
723
751
761
754
731
745
737
734
759
744
744
745
753
740
761
722
723
723
727
730
726
727
743
737
735
732
750
746
736
747
738
748
716
733
731
731
732
733
740
745
739
726
736
751
728
750
723
741
739
748
747
725
727
738
734
725
735
739
712
734
727
732
724
742
737
722
753
744
764
769
752
795
773
797
766
839
849
886
893
894
911
911
908
881
853
812
776
764
772
751
756
751
750
728
737
740
731
724
727
731
732
736
744
733
727
722
716
721
733
735
742
724
725
731
725
738
729
722
731
746
716
745
748
737
740
719
736
735
740
731
723
733
702
722
726
722
722
729
745
738
712
737
733
734
724
743
725
728
743
715
729
730
733
732
736
739
721
738
742
745
725
713
715
734
729
741
735
734
739
731
736
749
720
717
726
725
733
736
736
732
732
730
744
723
717
734
740
725
718
725
717
740
714
705
730
723
730
711
703
727
739
727
713
751
719
739
734
725
731
720
736
730
718
728
735
738
730
725
734
740
723
733
722
730
728
733
727
751
732
735
734
728
724
749
741
729
746
742
724
734
729
740
737
718
729
723
730
738
729
727
722
718
741
734
724
736
734
728
730
734
720
721
732
743
700
733
733
721
726
734
719
737
732
717
718
747
732
738
735
720
721
726
736
728
737
736
748
740
729
730
736
723
740
722
745
733
736
714
741
721
739
736
729
722
724
749
751
732
726
738
747
730
742
744
733
744
731
726
736
727
736
739
715
728
734
739
727
727
731
726
729
735
735
729
741
735
723
734
733
725
738
739
734
726
741
731
730
740
732
737
736
735
731
735
740
729
739
720
730
714
725
730
733
737
729
731
718
723
735
727
720
717
726
721
738
736
731
727
740
733
731
738
742
719
724
733
732
732
720
739
733
736
737
743
732
736
744
724
731
718
728
729
724
742
734
731
737
731
739
726
725
737
718
732
731
734
732
722
736
734
748
729
738
733
735
720
736
734
733
734
735
724
732
718
735
728
741
732
741
725
716
732
715
725
731
711
747
737
735
738
725
731
730
740
739
731
724
723
748
731
722
729
720
728
712
733
740
727
726
731
713
718
727
732
733
725
730
721
729
725
737
730
730
723
747
725
716
720
721
735
729
733
722
721
719
720
728
719
726
737
726
732
749
744
730
727
743
746
726
716
725
722
714
734
727
726
734
730
726
743
738
702
719
725
744
724
728
732
722
734
735
727
722
720
741
720
726
717
740
735
723
729
735
734
732
738
736
730
734
716
724
738
733
733
736
731
729
715
723
739
724
739
735
737
732
718
735
723
725
736
735
720
735
712
737
721
736
730
737
728
737
730
737
724
735
733
738
735
720
736
730
734
726
725
732
735
728
730
731
735
730
737
745
723
750
728
738
722
735
731
728
727
733
734
724
736
732
721
731
723
727
735
738
748
731
719
737
731
715
732
727
725
714
729
744
723
737
729
733
734
723
731
720
739
728
721
715
723
738
719
721
714
731
728
733
723
738
748
715
728
722
731
745
717
737
727
718
730
725
723
736
733
725
726
723
739
715
735
736
724
721
727
731
713
727
723
748
727
735
741
707
717
730
716
736
735
719
717
734
743
726
731
743
726
744
721
732
732
723
734
732
727
733
743
708
724
721
732
725
723
737
736
735
734
718
726
728
741
734
736
726
742
733
736
738
745
739
729
742
726
739
730
